300
##start
start 0 1
##end
end 1 0
0 0 0
1 1 1
2 2 2
3 3 3
4 4 4
5 5 5
6 6 6
7 7 7
8 8 8
9 9 9
10 10 10
11 11 11
12 12 12
13 13 13
14 14 14
15 15 15
16 16 16
17 17 17
18 18 18
19 19 19
20 20 20
21 21 21
22 22 22
23 23 23
24 24 24
25 25 25
26 26 26
27 27 27
28 28 28
29 29 29
30 30 30
31 31 31
32 32 32
33 33 33
34 34 34
35 35 35
36 36 36
37 37 37
38 38 38
39 39 39
40 40 40
41 41 41
42 42 42
43 43 43
44 44 44
45 45 45
46 46 46
47 47 47
48 48 48
49 49 49
50 50 50
51 51 51
52 52 52
53 53 53
54 54 54
55 55 55
56 56 56
57 57 57
58 58 58
59 59 59
60 60 60
61 61 61
62 62 62
63 63 63
64 64 64
65 65 65
66 66 66
67 67 67
68 68 68
69 69 69
70 70 70
71 71 71
72 72 72
73 73 73
74 74 74
75 75 75
76 76 76
77 77 77
78 78 78
79 79 79
80 80 80
81 81 81
82 82 82
83 83 83
84 84 84
85 85 85
86 86 86
87 87 87
88 88 88
89 89 89
90 90 90
91 91 91
92 92 92
93 93 93
94 94 94
95 95 95
96 96 96
97 97 97
98 98 98
99 99 99
100 100 100
101 101 101
102 102 102
103 103 103
104 104 104
105 105 105
106 106 106
107 107 107
108 108 108
109 109 109
110 110 110
111 111 111
112 112 112
113 113 113
114 114 114
115 115 115
116 116 116
117 117 117
118 118 118
119 119 119
120 120 120
121 121 121
122 122 122
123 123 123
124 124 124
125 125 125
126 126 126
127 127 127
128 128 128
129 129 129
130 130 130
131 131 131
132 132 132
133 133 133
134 134 134
135 135 135
136 136 136
137 137 137
138 138 138
139 139 139
140 140 140
141 141 141
142 142 142
143 143 143
144 144 144
145 145 145
146 146 146
147 147 147
148 148 148
149 149 149
150 150 150
151 151 151
152 152 152
153 153 153
154 154 154
155 155 155
156 156 156
157 157 157
158 158 158
159 159 159
160 160 160
161 161 161
162 162 162
163 163 163
164 164 164
165 165 165
166 166 166
167 167 167
168 168 168
169 169 169
170 170 170
171 171 171
172 172 172
173 173 173
174 174 174
175 175 175
176 176 176
177 177 177
178 178 178
179 179 179
180 180 180
181 181 181
182 182 182
183 183 183
184 184 184
185 185 185
186 186 186
187 187 187
188 188 188
189 189 189
190 190 190
191 191 191
192 192 192
193 193 193
194 194 194
195 195 195
196 196 196
197 197 197
198 198 198
199 199 199
200 200 200
201 201 201
202 202 202
203 203 203
204 204 204
205 205 205
206 206 206
207 207 207
208 208 208
209 209 209
210 210 210
211 211 211
212 212 212
213 213 213
214 214 214
215 215 215
216 216 216
217 217 217
218 218 218
219 219 219
220 220 220
221 221 221
222 222 222
223 223 223
224 224 224
225 225 225
226 226 226
227 227 227
228 228 228
229 229 229
230 230 230
231 231 231
232 232 232
233 233 233
234 234 234
235 235 235
236 236 236
237 237 237
238 238 238
239 239 239
240 240 240
241 241 241
242 242 242
243 243 243
244 244 244
245 245 245
246 246 246
247 247 247
248 248 248
249 249 249
250 250 250
251 251 251
252 252 252
253 253 253
254 254 254
255 255 255
256 256 256
257 257 257
258 258 258
259 259 259
260 260 260
261 261 261
262 262 262
263 263 263
264 264 264
265 265 265
266 266 266
267 267 267
268 268 268
269 269 269
270 270 270
271 271 271
272 272 272
273 273 273
274 274 274
275 275 275
276 276 276
277 277 277
278 278 278
279 279 279
280 280 280
281 281 281
282 282 282
283 283 283
284 284 284
285 285 285
286 286 286
287 287 287
288 288 288
289 289 289
290 290 290
291 291 291
292 292 292
293 293 293
294 294 294
295 295 295
296 296 296
297 297 297
298 298 298
299 299 299
300 300 300
301 301 301
302 302 302
303 303 303
304 304 304
305 305 305
306 306 306
307 307 307
308 308 308
309 309 309
310 310 310
311 311 311
312 312 312
313 313 313
314 314 314
315 315 315
316 316 316
317 317 317
318 318 318
319 319 319
320 320 320
321 321 321
322 322 322
323 323 323
324 324 324
325 325 325
326 326 326
327 327 327
328 328 328
329 329 329
330 330 330
331 331 331
332 332 332
333 333 333
334 334 334
335 335 335
336 336 336
337 337 337
338 338 338
339 339 339
340 340 340
341 341 341
342 342 342
343 343 343
344 344 344
345 345 345
346 346 346
347 347 347
348 348 348
349 349 349
350 350 350
351 351 351
352 352 352
353 353 353
354 354 354
355 355 355
356 356 356
357 357 357
358 358 358
359 359 359
360 360 360
361 361 361
362 362 362
363 363 363
364 364 364
365 365 365
366 366 366
367 367 367
368 368 368
369 369 369
370 370 370
371 371 371
372 372 372
373 373 373
374 374 374
375 375 375
376 376 376
377 377 377
378 378 378
379 379 379
380 380 380
381 381 381
382 382 382
383 383 383
384 384 384
385 385 385
386 386 386
387 387 387
388 388 388
389 389 389
390 390 390
391 391 391
392 392 392
393 393 393
394 394 394
395 395 395
396 396 396
397 397 397
398 398 398
399 399 399
400 400 400
401 401 401
402 402 402
403 403 403
404 404 404
405 405 405
406 406 406
407 407 407
408 408 408
409 409 409
410 410 410
411 411 411
412 412 412
413 413 413
414 414 414
415 415 415
416 416 416
417 417 417
418 418 418
419 419 419
420 420 420
421 421 421
422 422 422
423 423 423
424 424 424
425 425 425
426 426 426
427 427 427
428 428 428
429 429 429
430 430 430
431 431 431
432 432 432
433 433 433
434 434 434
435 435 435
436 436 436
437 437 437
438 438 438
439 439 439
440 440 440
441 441 441
442 442 442
443 443 443
444 444 444
445 445 445
446 446 446
447 447 447
448 448 448
449 449 449
450 450 450
451 451 451
452 452 452
453 453 453
454 454 454
455 455 455
456 456 456
457 457 457
458 458 458
459 459 459
460 460 460
461 461 461
462 462 462
463 463 463
464 464 464
465 465 465
466 466 466
467 467 467
468 468 468
469 469 469
470 470 470
471 471 471
472 472 472
473 473 473
474 474 474
475 475 475
476 476 476
477 477 477
478 478 478
479 479 479
480 480 480
481 481 481
482 482 482
483 483 483
484 484 484
485 485 485
486 486 486
487 487 487
488 488 488
489 489 489
490 490 490
491 491 491
492 492 492
493 493 493
494 494 494
495 495 495
496 496 496
497 497 497
498 498 498
499 499 499
500 500 500
501 501 501
502 502 502
503 503 503
504 504 504
505 505 505
506 506 506
507 507 507
508 508 508
509 509 509
510 510 510
511 511 511
512 512 512
513 513 513
514 514 514
515 515 515
516 516 516
517 517 517
518 518 518
519 519 519
520 520 520
521 521 521
522 522 522
523 523 523
524 524 524
525 525 525
526 526 526
527 527 527
528 528 528
529 529 529
530 530 530
531 531 531
532 532 532
533 533 533
534 534 534
535 535 535
536 536 536
537 537 537
538 538 538
539 539 539
540 540 540
541 541 541
542 542 542
543 543 543
544 544 544
545 545 545
546 546 546
547 547 547
548 548 548
549 549 549
550 550 550
551 551 551
552 552 552
553 553 553
554 554 554
555 555 555
556 556 556
557 557 557
558 558 558
559 559 559
560 560 560
561 561 561
562 562 562
563 563 563
564 564 564
565 565 565
566 566 566
567 567 567
568 568 568
569 569 569
570 570 570
571 571 571
572 572 572
573 573 573
574 574 574
575 575 575
576 576 576
577 577 577
578 578 578
579 579 579
580 580 580
581 581 581
582 582 582
583 583 583
584 584 584
585 585 585
586 586 586
587 587 587
588 588 588
589 589 589
590 590 590
591 591 591
592 592 592
593 593 593
594 594 594
595 595 595
596 596 596
597 597 597
598 598 598
599 599 599
600 600 600
601 601 601
602 602 602
603 603 603
604 604 604
605 605 605
606 606 606
607 607 607
608 608 608
609 609 609
610 610 610
611 611 611
612 612 612
613 613 613
614 614 614
615 615 615
616 616 616
617 617 617
618 618 618
619 619 619
620 620 620
621 621 621
622 622 622
623 623 623
624 624 624
625 625 625
626 626 626
627 627 627
628 628 628
629 629 629
630 630 630
631 631 631
632 632 632
633 633 633
634 634 634
635 635 635
636 636 636
637 637 637
638 638 638
639 639 639
640 640 640
641 641 641
642 642 642
643 643 643
644 644 644
645 645 645
646 646 646
647 647 647
648 648 648
649 649 649
650 650 650
651 651 651
652 652 652
653 653 653
654 654 654
655 655 655
656 656 656
657 657 657
658 658 658
659 659 659
660 660 660
661 661 661
662 662 662
663 663 663
664 664 664
665 665 665
666 666 666
667 667 667
668 668 668
669 669 669
670 670 670
671 671 671
672 672 672
673 673 673
674 674 674
675 675 675
676 676 676
677 677 677
678 678 678
679 679 679
680 680 680
681 681 681
682 682 682
683 683 683
684 684 684
685 685 685
686 686 686
687 687 687
688 688 688
689 689 689
690 690 690
691 691 691
692 692 692
693 693 693
694 694 694
695 695 695
696 696 696
697 697 697
698 698 698
699 699 699
700 700 700
701 701 701
702 702 702
703 703 703
704 704 704
705 705 705
706 706 706
707 707 707
708 708 708
709 709 709
710 710 710
711 711 711
712 712 712
713 713 713
714 714 714
715 715 715
716 716 716
717 717 717
718 718 718
719 719 719
720 720 720
721 721 721
722 722 722
723 723 723
724 724 724
725 725 725
726 726 726
727 727 727
728 728 728
729 729 729
730 730 730
731 731 731
732 732 732
733 733 733
734 734 734
735 735 735
736 736 736
737 737 737
738 738 738
739 739 739
740 740 740
741 741 741
742 742 742
743 743 743
744 744 744
745 745 745
746 746 746
747 747 747
748 748 748
749 749 749
750 750 750
751 751 751
752 752 752
753 753 753
754 754 754
755 755 755
756 756 756
757 757 757
758 758 758
759 759 759
760 760 760
761 761 761
762 762 762
763 763 763
764 764 764
765 765 765
766 766 766
767 767 767
768 768 768
769 769 769
770 770 770
771 771 771
772 772 772
773 773 773
774 774 774
775 775 775
776 776 776
777 777 777
778 778 778
779 779 779
780 780 780
781 781 781
782 782 782
783 783 783
784 784 784
785 785 785
786 786 786
787 787 787
788 788 788
789 789 789
790 790 790
791 791 791
792 792 792
793 793 793
794 794 794
795 795 795
796 796 796
797 797 797
798 798 798
799 799 799
800 800 800
801 801 801
802 802 802
803 803 803
804 804 804
805 805 805
806 806 806
807 807 807
808 808 808
809 809 809
810 810 810
811 811 811
812 812 812
813 813 813
814 814 814
815 815 815
816 816 816
817 817 817
818 818 818
819 819 819
820 820 820
821 821 821
822 822 822
823 823 823
824 824 824
825 825 825
826 826 826
827 827 827
828 828 828
829 829 829
830 830 830
831 831 831
832 832 832
833 833 833
834 834 834
835 835 835
836 836 836
837 837 837
838 838 838
839 839 839
840 840 840
841 841 841
842 842 842
843 843 843
844 844 844
845 845 845
846 846 846
847 847 847
848 848 848
849 849 849
850 850 850
851 851 851
852 852 852
853 853 853
854 854 854
855 855 855
856 856 856
857 857 857
858 858 858
859 859 859
860 860 860
861 861 861
862 862 862
863 863 863
864 864 864
865 865 865
866 866 866
867 867 867
868 868 868
869 869 869
870 870 870
871 871 871
872 872 872
873 873 873
874 874 874
875 875 875
876 876 876
877 877 877
878 878 878
879 879 879
880 880 880
881 881 881
882 882 882
883 883 883
884 884 884
885 885 885
886 886 886
887 887 887
888 888 888
889 889 889
890 890 890
891 891 891
892 892 892
893 893 893
894 894 894
895 895 895
896 896 896
897 897 897
898 898 898
899 899 899
900 900 900
901 901 901
902 902 902
903 903 903
904 904 904
905 905 905
906 906 906
907 907 907
908 908 908
909 909 909
910 910 910
911 911 911
912 912 912
913 913 913
914 914 914
915 915 915
916 916 916
917 917 917
918 918 918
919 919 919
920 920 920
921 921 921
922 922 922
923 923 923
924 924 924
925 925 925
926 926 926
927 927 927
928 928 928
929 929 929
930 930 930
931 931 931
932 932 932
933 933 933
934 934 934
935 935 935
936 936 936
937 937 937
938 938 938
939 939 939
940 940 940
941 941 941
942 942 942
943 943 943
944 944 944
945 945 945
946 946 946
947 947 947
948 948 948
949 949 949
950 950 950
951 951 951
952 952 952
953 953 953
954 954 954
955 955 955
956 956 956
957 957 957
958 958 958
959 959 959
960 960 960
961 961 961
962 962 962
963 963 963
964 964 964
965 965 965
966 966 966
967 967 967
968 968 968
969 969 969
970 970 970
971 971 971
972 972 972
973 973 973
974 974 974
975 975 975
976 976 976
977 977 977
978 978 978
979 979 979
980 980 980
981 981 981
982 982 982
983 983 983
984 984 984
985 985 985
986 986 986
987 987 987
988 988 988
989 989 989
990 990 990
991 991 991
992 992 992
993 993 993
994 994 994
995 995 995
996 996 996
997 997 997
998 998 998
999 999 999
1000 1000 1000
1001 1001 1001
1002 1002 1002
1003 1003 1003
1004 1004 1004
1005 1005 1005
1006 1006 1006
1007 1007 1007
1008 1008 1008
1009 1009 1009
1010 1010 1010
1011 1011 1011
1012 1012 1012
1013 1013 1013
1014 1014 1014
1015 1015 1015
1016 1016 1016
1017 1017 1017
1018 1018 1018
1019 1019 1019
1020 1020 1020
1021 1021 1021
1022 1022 1022
1023 1023 1023
1024 1024 1024
1025 1025 1025
1026 1026 1026
1027 1027 1027
1028 1028 1028
1029 1029 1029
1030 1030 1030
1031 1031 1031
1032 1032 1032
1033 1033 1033
1034 1034 1034
1035 1035 1035
1036 1036 1036
1037 1037 1037
1038 1038 1038
1039 1039 1039
1040 1040 1040
1041 1041 1041
1042 1042 1042
1043 1043 1043
1044 1044 1044
1045 1045 1045
1046 1046 1046
1047 1047 1047
1048 1048 1048
1049 1049 1049
1050 1050 1050
1051 1051 1051
1052 1052 1052
1053 1053 1053
1054 1054 1054
1055 1055 1055
1056 1056 1056
1057 1057 1057
1058 1058 1058
1059 1059 1059
1060 1060 1060
1061 1061 1061
1062 1062 1062
1063 1063 1063
1064 1064 1064
1065 1065 1065
1066 1066 1066
1067 1067 1067
1068 1068 1068
1069 1069 1069
1070 1070 1070
1071 1071 1071
1072 1072 1072
1073 1073 1073
1074 1074 1074
1075 1075 1075
1076 1076 1076
1077 1077 1077
1078 1078 1078
1079 1079 1079
1080 1080 1080
1081 1081 1081
1082 1082 1082
1083 1083 1083
1084 1084 1084
1085 1085 1085
1086 1086 1086
1087 1087 1087
1088 1088 1088
1089 1089 1089
1090 1090 1090
1091 1091 1091
1092 1092 1092
1093 1093 1093
1094 1094 1094
1095 1095 1095
1096 1096 1096
1097 1097 1097
1098 1098 1098
1099 1099 1099
1100 1100 1100
1101 1101 1101
1102 1102 1102
1103 1103 1103
1104 1104 1104
1105 1105 1105
1106 1106 1106
1107 1107 1107
1108 1108 1108
1109 1109 1109
1110 1110 1110
1111 1111 1111
1112 1112 1112
1113 1113 1113
1114 1114 1114
1115 1115 1115
1116 1116 1116
1117 1117 1117
1118 1118 1118
1119 1119 1119
1120 1120 1120
1121 1121 1121
1122 1122 1122
1123 1123 1123
1124 1124 1124
1125 1125 1125
1126 1126 1126
1127 1127 1127
1128 1128 1128
1129 1129 1129
1130 1130 1130
1131 1131 1131
1132 1132 1132
1133 1133 1133
1134 1134 1134
1135 1135 1135
1136 1136 1136
1137 1137 1137
1138 1138 1138
1139 1139 1139
1140 1140 1140
1141 1141 1141
1142 1142 1142
1143 1143 1143
1144 1144 1144
1145 1145 1145
1146 1146 1146
1147 1147 1147
1148 1148 1148
1149 1149 1149
1150 1150 1150
1151 1151 1151
1152 1152 1152
1153 1153 1153
1154 1154 1154
1155 1155 1155
1156 1156 1156
1157 1157 1157
1158 1158 1158
1159 1159 1159
1160 1160 1160
1161 1161 1161
1162 1162 1162
1163 1163 1163
1164 1164 1164
1165 1165 1165
1166 1166 1166
1167 1167 1167
1168 1168 1168
1169 1169 1169
1170 1170 1170
1171 1171 1171
1172 1172 1172
1173 1173 1173
1174 1174 1174
1175 1175 1175
1176 1176 1176
1177 1177 1177
1178 1178 1178
1179 1179 1179
1180 1180 1180
1181 1181 1181
1182 1182 1182
1183 1183 1183
1184 1184 1184
1185 1185 1185
1186 1186 1186
1187 1187 1187
1188 1188 1188
1189 1189 1189
1190 1190 1190
1191 1191 1191
1192 1192 1192
1193 1193 1193
1194 1194 1194
1195 1195 1195
1196 1196 1196
1197 1197 1197
1198 1198 1198
1199 1199 1199
1200 1200 1200
1201 1201 1201
1202 1202 1202
1203 1203 1203
1204 1204 1204
1205 1205 1205
1206 1206 1206
1207 1207 1207
1208 1208 1208
1209 1209 1209
1210 1210 1210
1211 1211 1211
1212 1212 1212
1213 1213 1213
1214 1214 1214
1215 1215 1215
1216 1216 1216
1217 1217 1217
1218 1218 1218
1219 1219 1219
1220 1220 1220
1221 1221 1221
1222 1222 1222
1223 1223 1223
1224 1224 1224
1225 1225 1225
1226 1226 1226
1227 1227 1227
1228 1228 1228
1229 1229 1229
1230 1230 1230
1231 1231 1231
1232 1232 1232
1233 1233 1233
1234 1234 1234
1235 1235 1235
1236 1236 1236
1237 1237 1237
1238 1238 1238
1239 1239 1239
1240 1240 1240
1241 1241 1241
1242 1242 1242
1243 1243 1243
1244 1244 1244
1245 1245 1245
1246 1246 1246
1247 1247 1247
1248 1248 1248
1249 1249 1249
1250 1250 1250
1251 1251 1251
1252 1252 1252
1253 1253 1253
1254 1254 1254
1255 1255 1255
1256 1256 1256
1257 1257 1257
1258 1258 1258
1259 1259 1259
1260 1260 1260
1261 1261 1261
1262 1262 1262
1263 1263 1263
1264 1264 1264
1265 1265 1265
1266 1266 1266
1267 1267 1267
1268 1268 1268
1269 1269 1269
1270 1270 1270
1271 1271 1271
1272 1272 1272
1273 1273 1273
1274 1274 1274
1275 1275 1275
1276 1276 1276
1277 1277 1277
1278 1278 1278
1279 1279 1279
1280 1280 1280
1281 1281 1281
1282 1282 1282
1283 1283 1283
1284 1284 1284
1285 1285 1285
1286 1286 1286
1287 1287 1287
1288 1288 1288
1289 1289 1289
1290 1290 1290
1291 1291 1291
1292 1292 1292
1293 1293 1293
1294 1294 1294
1295 1295 1295
1296 1296 1296
1297 1297 1297
1298 1298 1298
1299 1299 1299
1300 1300 1300
1301 1301 1301
1302 1302 1302
1303 1303 1303
1304 1304 1304
1305 1305 1305
1306 1306 1306
1307 1307 1307
1308 1308 1308
1309 1309 1309
1310 1310 1310
1311 1311 1311
1312 1312 1312
1313 1313 1313
1314 1314 1314
1315 1315 1315
1316 1316 1316
1317 1317 1317
1318 1318 1318
1319 1319 1319
1320 1320 1320
1321 1321 1321
1322 1322 1322
1323 1323 1323
1324 1324 1324
1325 1325 1325
1326 1326 1326
1327 1327 1327
1328 1328 1328
1329 1329 1329
1330 1330 1330
1331 1331 1331
1332 1332 1332
1333 1333 1333
1334 1334 1334
1335 1335 1335
1336 1336 1336
1337 1337 1337
1338 1338 1338
1339 1339 1339
1340 1340 1340
1341 1341 1341
1342 1342 1342
1343 1343 1343
1344 1344 1344
1345 1345 1345
1346 1346 1346
1347 1347 1347
1348 1348 1348
1349 1349 1349
1350 1350 1350
1351 1351 1351
1352 1352 1352
1353 1353 1353
1354 1354 1354
1355 1355 1355
1356 1356 1356
1357 1357 1357
1358 1358 1358
1359 1359 1359
1360 1360 1360
1361 1361 1361
1362 1362 1362
1363 1363 1363
1364 1364 1364
1365 1365 1365
1366 1366 1366
1367 1367 1367
1368 1368 1368
1369 1369 1369
1370 1370 1370
1371 1371 1371
1372 1372 1372
1373 1373 1373
1374 1374 1374
1375 1375 1375
1376 1376 1376
1377 1377 1377
1378 1378 1378
1379 1379 1379
1380 1380 1380
1381 1381 1381
1382 1382 1382
1383 1383 1383
1384 1384 1384
1385 1385 1385
1386 1386 1386
1387 1387 1387
1388 1388 1388
1389 1389 1389
1390 1390 1390
1391 1391 1391
1392 1392 1392
1393 1393 1393
1394 1394 1394
1395 1395 1395
1396 1396 1396
1397 1397 1397
1398 1398 1398
1399 1399 1399
1400 1400 1400
1401 1401 1401
1402 1402 1402
1403 1403 1403
1404 1404 1404
1405 1405 1405
1406 1406 1406
1407 1407 1407
1408 1408 1408
1409 1409 1409
1410 1410 1410
1411 1411 1411
1412 1412 1412
1413 1413 1413
1414 1414 1414
1415 1415 1415
1416 1416 1416
1417 1417 1417
1418 1418 1418
1419 1419 1419
1420 1420 1420
1421 1421 1421
1422 1422 1422
1423 1423 1423
1424 1424 1424
1425 1425 1425
1426 1426 1426
1427 1427 1427
1428 1428 1428
1429 1429 1429
1430 1430 1430
1431 1431 1431
1432 1432 1432
1433 1433 1433
1434 1434 1434
1435 1435 1435
1436 1436 1436
1437 1437 1437
1438 1438 1438
1439 1439 1439
1440 1440 1440
1441 1441 1441
1442 1442 1442
1443 1443 1443
1444 1444 1444
1445 1445 1445
1446 1446 1446
1447 1447 1447
1448 1448 1448
1449 1449 1449
1450 1450 1450
1451 1451 1451
1452 1452 1452
1453 1453 1453
1454 1454 1454
1455 1455 1455
1456 1456 1456
1457 1457 1457
1458 1458 1458
1459 1459 1459
1460 1460 1460
1461 1461 1461
1462 1462 1462
1463 1463 1463
1464 1464 1464
1465 1465 1465
1466 1466 1466
1467 1467 1467
1468 1468 1468
1469 1469 1469
1470 1470 1470
1471 1471 1471
1472 1472 1472
1473 1473 1473
1474 1474 1474
1475 1475 1475
1476 1476 1476
1477 1477 1477
1478 1478 1478
1479 1479 1479
1480 1480 1480
1481 1481 1481
1482 1482 1482
1483 1483 1483
1484 1484 1484
1485 1485 1485
1486 1486 1486
1487 1487 1487
1488 1488 1488
1489 1489 1489
1490 1490 1490
1491 1491 1491
1492 1492 1492
1493 1493 1493
1494 1494 1494
1495 1495 1495
1496 1496 1496
1497 1497 1497
1498 1498 1498
1499 1499 1499
1500 1500 1500
1501 1501 1501
1502 1502 1502
1503 1503 1503
1504 1504 1504
1505 1505 1505
1506 1506 1506
1507 1507 1507
1508 1508 1508
1509 1509 1509
1510 1510 1510
1511 1511 1511
1512 1512 1512
1513 1513 1513
1514 1514 1514
1515 1515 1515
1516 1516 1516
1517 1517 1517
1518 1518 1518
1519 1519 1519
1520 1520 1520
1521 1521 1521
1522 1522 1522
1523 1523 1523
1524 1524 1524
1525 1525 1525
1526 1526 1526
1527 1527 1527
1528 1528 1528
1529 1529 1529
1530 1530 1530
1531 1531 1531
1532 1532 1532
1533 1533 1533
1534 1534 1534
1535 1535 1535
1536 1536 1536
1537 1537 1537
1538 1538 1538
1539 1539 1539
1540 1540 1540
1541 1541 1541
1542 1542 1542
1543 1543 1543
1544 1544 1544
1545 1545 1545
1546 1546 1546
1547 1547 1547
1548 1548 1548
1549 1549 1549
1550 1550 1550
1551 1551 1551
1552 1552 1552
1553 1553 1553
1554 1554 1554
1555 1555 1555
1556 1556 1556
1557 1557 1557
1558 1558 1558
1559 1559 1559
1560 1560 1560
1561 1561 1561
1562 1562 1562
1563 1563 1563
1564 1564 1564
1565 1565 1565
1566 1566 1566
1567 1567 1567
1568 1568 1568
1569 1569 1569
1570 1570 1570
1571 1571 1571
1572 1572 1572
1573 1573 1573
1574 1574 1574
1575 1575 1575
1576 1576 1576
1577 1577 1577
1578 1578 1578
1579 1579 1579
1580 1580 1580
1581 1581 1581
1582 1582 1582
1583 1583 1583
1584 1584 1584
1585 1585 1585
1586 1586 1586
1587 1587 1587
1588 1588 1588
1589 1589 1589
1590 1590 1590
1591 1591 1591
1592 1592 1592
1593 1593 1593
1594 1594 1594
1595 1595 1595
1596 1596 1596
1597 1597 1597
1598 1598 1598
1599 1599 1599
1600 1600 1600
1601 1601 1601
1602 1602 1602
1603 1603 1603
1604 1604 1604
1605 1605 1605
1606 1606 1606
1607 1607 1607
1608 1608 1608
1609 1609 1609
1610 1610 1610
1611 1611 1611
1612 1612 1612
1613 1613 1613
1614 1614 1614
1615 1615 1615
1616 1616 1616
1617 1617 1617
1618 1618 1618
1619 1619 1619
1620 1620 1620
1621 1621 1621
1622 1622 1622
1623 1623 1623
1624 1624 1624
1625 1625 1625
1626 1626 1626
1627 1627 1627
1628 1628 1628
1629 1629 1629
1630 1630 1630
1631 1631 1631
1632 1632 1632
1633 1633 1633
1634 1634 1634
1635 1635 1635
1636 1636 1636
1637 1637 1637
1638 1638 1638
1639 1639 1639
1640 1640 1640
1641 1641 1641
1642 1642 1642
1643 1643 1643
1644 1644 1644
1645 1645 1645
1646 1646 1646
1647 1647 1647
1648 1648 1648
1649 1649 1649
1650 1650 1650
1651 1651 1651
1652 1652 1652
1653 1653 1653
1654 1654 1654
1655 1655 1655
1656 1656 1656
1657 1657 1657
1658 1658 1658
1659 1659 1659
1660 1660 1660
1661 1661 1661
1662 1662 1662
1663 1663 1663
1664 1664 1664
1665 1665 1665
1666 1666 1666
1667 1667 1667
1668 1668 1668
1669 1669 1669
1670 1670 1670
1671 1671 1671
1672 1672 1672
1673 1673 1673
1674 1674 1674
1675 1675 1675
1676 1676 1676
1677 1677 1677
1678 1678 1678
1679 1679 1679
1680 1680 1680
1681 1681 1681
1682 1682 1682
1683 1683 1683
1684 1684 1684
1685 1685 1685
1686 1686 1686
1687 1687 1687
1688 1688 1688
1689 1689 1689
1690 1690 1690
1691 1691 1691
1692 1692 1692
1693 1693 1693
1694 1694 1694
1695 1695 1695
1696 1696 1696
1697 1697 1697
1698 1698 1698
1699 1699 1699
1700 1700 1700
1701 1701 1701
1702 1702 1702
1703 1703 1703
1704 1704 1704
1705 1705 1705
1706 1706 1706
1707 1707 1707
1708 1708 1708
1709 1709 1709
1710 1710 1710
1711 1711 1711
1712 1712 1712
1713 1713 1713
1714 1714 1714
1715 1715 1715
1716 1716 1716
1717 1717 1717
1718 1718 1718
1719 1719 1719
1720 1720 1720
1721 1721 1721
1722 1722 1722
1723 1723 1723
1724 1724 1724
1725 1725 1725
1726 1726 1726
1727 1727 1727
1728 1728 1728
1729 1729 1729
1730 1730 1730
1731 1731 1731
1732 1732 1732
1733 1733 1733
1734 1734 1734
1735 1735 1735
1736 1736 1736
1737 1737 1737
1738 1738 1738
1739 1739 1739
1740 1740 1740
1741 1741 1741
1742 1742 1742
1743 1743 1743
1744 1744 1744
1745 1745 1745
1746 1746 1746
1747 1747 1747
1748 1748 1748
1749 1749 1749
1750 1750 1750
1751 1751 1751
1752 1752 1752
1753 1753 1753
1754 1754 1754
1755 1755 1755
1756 1756 1756
1757 1757 1757
1758 1758 1758
1759 1759 1759
1760 1760 1760
1761 1761 1761
1762 1762 1762
1763 1763 1763
1764 1764 1764
1765 1765 1765
1766 1766 1766
1767 1767 1767
1768 1768 1768
1769 1769 1769
1770 1770 1770
1771 1771 1771
1772 1772 1772
1773 1773 1773
1774 1774 1774
1775 1775 1775
1776 1776 1776
1777 1777 1777
1778 1778 1778
1779 1779 1779
1780 1780 1780
1781 1781 1781
1782 1782 1782
1783 1783 1783
1784 1784 1784
1785 1785 1785
1786 1786 1786
1787 1787 1787
1788 1788 1788
1789 1789 1789
1790 1790 1790
1791 1791 1791
1792 1792 1792
1793 1793 1793
1794 1794 1794
1795 1795 1795
1796 1796 1796
1797 1797 1797
1798 1798 1798
1799 1799 1799
1800 1800 1800
1801 1801 1801
1802 1802 1802
1803 1803 1803
1804 1804 1804
1805 1805 1805
1806 1806 1806
1807 1807 1807
1808 1808 1808
1809 1809 1809
1810 1810 1810
1811 1811 1811
1812 1812 1812
1813 1813 1813
1814 1814 1814
1815 1815 1815
1816 1816 1816
1817 1817 1817
1818 1818 1818
1819 1819 1819
1820 1820 1820
1821 1821 1821
1822 1822 1822
1823 1823 1823
1824 1824 1824
1825 1825 1825
1826 1826 1826
1827 1827 1827
1828 1828 1828
1829 1829 1829
1830 1830 1830
1831 1831 1831
1832 1832 1832
1833 1833 1833
1834 1834 1834
1835 1835 1835
1836 1836 1836
1837 1837 1837
1838 1838 1838
1839 1839 1839
1840 1840 1840
1841 1841 1841
1842 1842 1842
1843 1843 1843
1844 1844 1844
1845 1845 1845
1846 1846 1846
1847 1847 1847
1848 1848 1848
1849 1849 1849
1850 1850 1850
1851 1851 1851
1852 1852 1852
1853 1853 1853
1854 1854 1854
1855 1855 1855
1856 1856 1856
1857 1857 1857
1858 1858 1858
1859 1859 1859
1860 1860 1860
1861 1861 1861
1862 1862 1862
1863 1863 1863
1864 1864 1864
1865 1865 1865
1866 1866 1866
1867 1867 1867
1868 1868 1868
1869 1869 1869
1870 1870 1870
1871 1871 1871
1872 1872 1872
1873 1873 1873
1874 1874 1874
1875 1875 1875
1876 1876 1876
1877 1877 1877
1878 1878 1878
1879 1879 1879
1880 1880 1880
1881 1881 1881
1882 1882 1882
1883 1883 1883
1884 1884 1884
1885 1885 1885
1886 1886 1886
1887 1887 1887
1888 1888 1888
1889 1889 1889
1890 1890 1890
1891 1891 1891
1892 1892 1892
1893 1893 1893
1894 1894 1894
1895 1895 1895
1896 1896 1896
1897 1897 1897
1898 1898 1898
1899 1899 1899
1900 1900 1900
1901 1901 1901
1902 1902 1902
1903 1903 1903
1904 1904 1904
1905 1905 1905
1906 1906 1906
1907 1907 1907
1908 1908 1908
1909 1909 1909
1910 1910 1910
1911 1911 1911
1912 1912 1912
1913 1913 1913
1914 1914 1914
1915 1915 1915
1916 1916 1916
1917 1917 1917
1918 1918 1918
1919 1919 1919
1920 1920 1920
1921 1921 1921
1922 1922 1922
1923 1923 1923
1924 1924 1924
1925 1925 1925
1926 1926 1926
1927 1927 1927
1928 1928 1928
1929 1929 1929
1930 1930 1930
1931 1931 1931
1932 1932 1932
1933 1933 1933
1934 1934 1934
1935 1935 1935
1936 1936 1936
1937 1937 1937
1938 1938 1938
1939 1939 1939
1940 1940 1940
1941 1941 1941
1942 1942 1942
1943 1943 1943
1944 1944 1944
1945 1945 1945
1946 1946 1946
1947 1947 1947
1948 1948 1948
1949 1949 1949
1950 1950 1950
1951 1951 1951
1952 1952 1952
1953 1953 1953
1954 1954 1954
1955 1955 1955
1956 1956 1956
1957 1957 1957
1958 1958 1958
1959 1959 1959
1960 1960 1960
1961 1961 1961
1962 1962 1962
1963 1963 1963
1964 1964 1964
1965 1965 1965
1966 1966 1966
1967 1967 1967
1968 1968 1968
1969 1969 1969
1970 1970 1970
1971 1971 1971
1972 1972 1972
1973 1973 1973
1974 1974 1974
1975 1975 1975
1976 1976 1976
1977 1977 1977
1978 1978 1978
1979 1979 1979
1980 1980 1980
1981 1981 1981
1982 1982 1982
1983 1983 1983
1984 1984 1984
1985 1985 1985
1986 1986 1986
1987 1987 1987
1988 1988 1988
1989 1989 1989
1990 1990 1990
1991 1991 1991
1992 1992 1992
1993 1993 1993
1994 1994 1994
1995 1995 1995
1996 1996 1996
1997 1997 1997
1998 1998 1998
1999 1999 1999
2000 2000 2000
2001 2001 2001
2002 2002 2002
2003 2003 2003
2004 2004 2004
2005 2005 2005
2006 2006 2006
2007 2007 2007
2008 2008 2008
2009 2009 2009
2010 2010 2010
2011 2011 2011
2012 2012 2012
2013 2013 2013
2014 2014 2014
2015 2015 2015
2016 2016 2016
2017 2017 2017
2018 2018 2018
2019 2019 2019
2020 2020 2020
2021 2021 2021
2022 2022 2022
2023 2023 2023
2024 2024 2024
2025 2025 2025
2026 2026 2026
2027 2027 2027
2028 2028 2028
2029 2029 2029
2030 2030 2030
2031 2031 2031
2032 2032 2032
2033 2033 2033
2034 2034 2034
2035 2035 2035
2036 2036 2036
2037 2037 2037
2038 2038 2038
2039 2039 2039
2040 2040 2040
2041 2041 2041
2042 2042 2042
2043 2043 2043
2044 2044 2044
2045 2045 2045
2046 2046 2046
2047 2047 2047
2048 2048 2048
2049 2049 2049
2050 2050 2050
2051 2051 2051
2052 2052 2052
2053 2053 2053
2054 2054 2054
2055 2055 2055
2056 2056 2056
2057 2057 2057
2058 2058 2058
2059 2059 2059
2060 2060 2060
2061 2061 2061
2062 2062 2062
2063 2063 2063
2064 2064 2064
2065 2065 2065
2066 2066 2066
2067 2067 2067
2068 2068 2068
2069 2069 2069
2070 2070 2070
2071 2071 2071
2072 2072 2072
2073 2073 2073
2074 2074 2074
2075 2075 2075
2076 2076 2076
2077 2077 2077
2078 2078 2078
2079 2079 2079
2080 2080 2080
2081 2081 2081
2082 2082 2082
2083 2083 2083
2084 2084 2084
2085 2085 2085
2086 2086 2086
2087 2087 2087
2088 2088 2088
2089 2089 2089
2090 2090 2090
2091 2091 2091
2092 2092 2092
2093 2093 2093
2094 2094 2094
2095 2095 2095
2096 2096 2096
2097 2097 2097
2098 2098 2098
2099 2099 2099
2100 2100 2100
2101 2101 2101
2102 2102 2102
2103 2103 2103
2104 2104 2104
2105 2105 2105
2106 2106 2106
2107 2107 2107
2108 2108 2108
2109 2109 2109
2110 2110 2110
2111 2111 2111
2112 2112 2112
2113 2113 2113
2114 2114 2114
2115 2115 2115
2116 2116 2116
2117 2117 2117
2118 2118 2118
2119 2119 2119
2120 2120 2120
2121 2121 2121
2122 2122 2122
2123 2123 2123
2124 2124 2124
2125 2125 2125
2126 2126 2126
2127 2127 2127
2128 2128 2128
2129 2129 2129
2130 2130 2130
2131 2131 2131
2132 2132 2132
2133 2133 2133
2134 2134 2134
2135 2135 2135
2136 2136 2136
2137 2137 2137
2138 2138 2138
2139 2139 2139
2140 2140 2140
2141 2141 2141
2142 2142 2142
2143 2143 2143
2144 2144 2144
2145 2145 2145
2146 2146 2146
2147 2147 2147
2148 2148 2148
2149 2149 2149
2150 2150 2150
2151 2151 2151
2152 2152 2152
2153 2153 2153
2154 2154 2154
2155 2155 2155
2156 2156 2156
2157 2157 2157
2158 2158 2158
2159 2159 2159
2160 2160 2160
2161 2161 2161
2162 2162 2162
2163 2163 2163
2164 2164 2164
2165 2165 2165
2166 2166 2166
2167 2167 2167
2168 2168 2168
2169 2169 2169
2170 2170 2170
2171 2171 2171
2172 2172 2172
2173 2173 2173
2174 2174 2174
2175 2175 2175
2176 2176 2176
2177 2177 2177
2178 2178 2178
2179 2179 2179
2180 2180 2180
2181 2181 2181
2182 2182 2182
2183 2183 2183
2184 2184 2184
2185 2185 2185
2186 2186 2186
2187 2187 2187
2188 2188 2188
2189 2189 2189
2190 2190 2190
2191 2191 2191
2192 2192 2192
2193 2193 2193
2194 2194 2194
2195 2195 2195
2196 2196 2196
2197 2197 2197
2198 2198 2198
2199 2199 2199
2200 2200 2200
2201 2201 2201
2202 2202 2202
2203 2203 2203
2204 2204 2204
2205 2205 2205
2206 2206 2206
2207 2207 2207
2208 2208 2208
2209 2209 2209
2210 2210 2210
2211 2211 2211
2212 2212 2212
2213 2213 2213
2214 2214 2214
2215 2215 2215
2216 2216 2216
2217 2217 2217
2218 2218 2218
2219 2219 2219
2220 2220 2220
2221 2221 2221
2222 2222 2222
2223 2223 2223
2224 2224 2224
2225 2225 2225
2226 2226 2226
2227 2227 2227
2228 2228 2228
2229 2229 2229
2230 2230 2230
2231 2231 2231
2232 2232 2232
2233 2233 2233
2234 2234 2234
2235 2235 2235
2236 2236 2236
2237 2237 2237
2238 2238 2238
2239 2239 2239
2240 2240 2240
2241 2241 2241
2242 2242 2242
2243 2243 2243
2244 2244 2244
2245 2245 2245
2246 2246 2246
2247 2247 2247
2248 2248 2248
2249 2249 2249
2250 2250 2250
2251 2251 2251
2252 2252 2252
2253 2253 2253
2254 2254 2254
2255 2255 2255
2256 2256 2256
2257 2257 2257
2258 2258 2258
2259 2259 2259
2260 2260 2260
2261 2261 2261
2262 2262 2262
2263 2263 2263
2264 2264 2264
2265 2265 2265
2266 2266 2266
2267 2267 2267
2268 2268 2268
2269 2269 2269
2270 2270 2270
2271 2271 2271
2272 2272 2272
2273 2273 2273
2274 2274 2274
2275 2275 2275
2276 2276 2276
2277 2277 2277
2278 2278 2278
2279 2279 2279
2280 2280 2280
2281 2281 2281
2282 2282 2282
2283 2283 2283
2284 2284 2284
2285 2285 2285
2286 2286 2286
2287 2287 2287
2288 2288 2288
2289 2289 2289
2290 2290 2290
2291 2291 2291
2292 2292 2292
2293 2293 2293
2294 2294 2294
2295 2295 2295
2296 2296 2296
2297 2297 2297
2298 2298 2298
2299 2299 2299
2300 2300 2300
2301 2301 2301
2302 2302 2302
2303 2303 2303
2304 2304 2304
2305 2305 2305
2306 2306 2306
2307 2307 2307
2308 2308 2308
2309 2309 2309
2310 2310 2310
2311 2311 2311
2312 2312 2312
2313 2313 2313
2314 2314 2314
2315 2315 2315
2316 2316 2316
2317 2317 2317
2318 2318 2318
2319 2319 2319
2320 2320 2320
2321 2321 2321
2322 2322 2322
2323 2323 2323
2324 2324 2324
2325 2325 2325
2326 2326 2326
2327 2327 2327
2328 2328 2328
2329 2329 2329
2330 2330 2330
2331 2331 2331
2332 2332 2332
2333 2333 2333
2334 2334 2334
2335 2335 2335
2336 2336 2336
2337 2337 2337
2338 2338 2338
2339 2339 2339
2340 2340 2340
2341 2341 2341
2342 2342 2342
2343 2343 2343
2344 2344 2344
2345 2345 2345
2346 2346 2346
2347 2347 2347
2348 2348 2348
2349 2349 2349
2350 2350 2350
2351 2351 2351
2352 2352 2352
2353 2353 2353
2354 2354 2354
2355 2355 2355
2356 2356 2356
2357 2357 2357
2358 2358 2358
2359 2359 2359
2360 2360 2360
2361 2361 2361
2362 2362 2362
2363 2363 2363
2364 2364 2364
2365 2365 2365
2366 2366 2366
2367 2367 2367
2368 2368 2368
2369 2369 2369
2370 2370 2370
2371 2371 2371
2372 2372 2372
2373 2373 2373
2374 2374 2374
2375 2375 2375
2376 2376 2376
2377 2377 2377
2378 2378 2378
2379 2379 2379
2380 2380 2380
2381 2381 2381
2382 2382 2382
2383 2383 2383
2384 2384 2384
2385 2385 2385
2386 2386 2386
2387 2387 2387
2388 2388 2388
2389 2389 2389
2390 2390 2390
2391 2391 2391
2392 2392 2392
2393 2393 2393
2394 2394 2394
2395 2395 2395
2396 2396 2396
2397 2397 2397
2398 2398 2398
2399 2399 2399
2400 2400 2400
2401 2401 2401
2402 2402 2402
2403 2403 2403
2404 2404 2404
2405 2405 2405
2406 2406 2406
2407 2407 2407
2408 2408 2408
2409 2409 2409
2410 2410 2410
2411 2411 2411
2412 2412 2412
2413 2413 2413
2414 2414 2414
2415 2415 2415
2416 2416 2416
2417 2417 2417
2418 2418 2418
2419 2419 2419
2420 2420 2420
2421 2421 2421
2422 2422 2422
2423 2423 2423
2424 2424 2424
2425 2425 2425
2426 2426 2426
2427 2427 2427
2428 2428 2428
2429 2429 2429
2430 2430 2430
2431 2431 2431
2432 2432 2432
2433 2433 2433
2434 2434 2434
2435 2435 2435
2436 2436 2436
2437 2437 2437
2438 2438 2438
2439 2439 2439
2440 2440 2440
2441 2441 2441
2442 2442 2442
2443 2443 2443
2444 2444 2444
2445 2445 2445
2446 2446 2446
2447 2447 2447
2448 2448 2448
2449 2449 2449
2450 2450 2450
2451 2451 2451
2452 2452 2452
2453 2453 2453
2454 2454 2454
2455 2455 2455
2456 2456 2456
2457 2457 2457
2458 2458 2458
2459 2459 2459
2460 2460 2460
2461 2461 2461
2462 2462 2462
2463 2463 2463
2464 2464 2464
2465 2465 2465
2466 2466 2466
2467 2467 2467
2468 2468 2468
2469 2469 2469
2470 2470 2470
2471 2471 2471
2472 2472 2472
2473 2473 2473
2474 2474 2474
2475 2475 2475
2476 2476 2476
2477 2477 2477
2478 2478 2478
2479 2479 2479
2480 2480 2480
2481 2481 2481
2482 2482 2482
2483 2483 2483
2484 2484 2484
2485 2485 2485
2486 2486 2486
2487 2487 2487
2488 2488 2488
2489 2489 2489
2490 2490 2490
2491 2491 2491
2492 2492 2492
2493 2493 2493
2494 2494 2494
2495 2495 2495
2496 2496 2496
2497 2497 2497
2498 2498 2498
2499 2499 2499
2500 2500 2500
2501 2501 2501
2502 2502 2502
2503 2503 2503
2504 2504 2504
2505 2505 2505
2506 2506 2506
2507 2507 2507
2508 2508 2508
2509 2509 2509
2510 2510 2510
2511 2511 2511
2512 2512 2512
2513 2513 2513
2514 2514 2514
2515 2515 2515
2516 2516 2516
2517 2517 2517
2518 2518 2518
2519 2519 2519
2520 2520 2520
2521 2521 2521
2522 2522 2522
2523 2523 2523
2524 2524 2524
2525 2525 2525
2526 2526 2526
2527 2527 2527
2528 2528 2528
2529 2529 2529
2530 2530 2530
2531 2531 2531
2532 2532 2532
2533 2533 2533
2534 2534 2534
2535 2535 2535
2536 2536 2536
2537 2537 2537
2538 2538 2538
2539 2539 2539
2540 2540 2540
2541 2541 2541
2542 2542 2542
2543 2543 2543
2544 2544 2544
2545 2545 2545
2546 2546 2546
2547 2547 2547
2548 2548 2548
2549 2549 2549
2550 2550 2550
2551 2551 2551
2552 2552 2552
2553 2553 2553
2554 2554 2554
2555 2555 2555
2556 2556 2556
2557 2557 2557
2558 2558 2558
2559 2559 2559
2560 2560 2560
2561 2561 2561
2562 2562 2562
2563 2563 2563
2564 2564 2564
2565 2565 2565
2566 2566 2566
2567 2567 2567
2568 2568 2568
2569 2569 2569
2570 2570 2570
2571 2571 2571
2572 2572 2572
2573 2573 2573
2574 2574 2574
2575 2575 2575
2576 2576 2576
2577 2577 2577
2578 2578 2578
2579 2579 2579
2580 2580 2580
2581 2581 2581
2582 2582 2582
2583 2583 2583
2584 2584 2584
2585 2585 2585
2586 2586 2586
2587 2587 2587
2588 2588 2588
2589 2589 2589
2590 2590 2590
2591 2591 2591
2592 2592 2592
2593 2593 2593
2594 2594 2594
2595 2595 2595
2596 2596 2596
2597 2597 2597
2598 2598 2598
2599 2599 2599
2600 2600 2600
2601 2601 2601
2602 2602 2602
2603 2603 2603
2604 2604 2604
2605 2605 2605
2606 2606 2606
2607 2607 2607
2608 2608 2608
2609 2609 2609
2610 2610 2610
2611 2611 2611
2612 2612 2612
2613 2613 2613
2614 2614 2614
2615 2615 2615
2616 2616 2616
2617 2617 2617
2618 2618 2618
2619 2619 2619
2620 2620 2620
2621 2621 2621
2622 2622 2622
2623 2623 2623
2624 2624 2624
2625 2625 2625
2626 2626 2626
2627 2627 2627
2628 2628 2628
2629 2629 2629
2630 2630 2630
2631 2631 2631
2632 2632 2632
2633 2633 2633
2634 2634 2634
2635 2635 2635
2636 2636 2636
2637 2637 2637
2638 2638 2638
2639 2639 2639
2640 2640 2640
2641 2641 2641
2642 2642 2642
2643 2643 2643
2644 2644 2644
2645 2645 2645
2646 2646 2646
2647 2647 2647
2648 2648 2648
2649 2649 2649
2650 2650 2650
2651 2651 2651
2652 2652 2652
2653 2653 2653
2654 2654 2654
2655 2655 2655
2656 2656 2656
2657 2657 2657
2658 2658 2658
2659 2659 2659
2660 2660 2660
2661 2661 2661
2662 2662 2662
2663 2663 2663
2664 2664 2664
2665 2665 2665
2666 2666 2666
2667 2667 2667
2668 2668 2668
2669 2669 2669
2670 2670 2670
2671 2671 2671
2672 2672 2672
2673 2673 2673
2674 2674 2674
2675 2675 2675
2676 2676 2676
2677 2677 2677
2678 2678 2678
2679 2679 2679
2680 2680 2680
2681 2681 2681
2682 2682 2682
2683 2683 2683
2684 2684 2684
2685 2685 2685
2686 2686 2686
2687 2687 2687
2688 2688 2688
2689 2689 2689
2690 2690 2690
2691 2691 2691
2692 2692 2692
2693 2693 2693
2694 2694 2694
2695 2695 2695
2696 2696 2696
2697 2697 2697
2698 2698 2698
2699 2699 2699
2700 2700 2700
2701 2701 2701
2702 2702 2702
2703 2703 2703
2704 2704 2704
2705 2705 2705
2706 2706 2706
2707 2707 2707
2708 2708 2708
2709 2709 2709
2710 2710 2710
2711 2711 2711
2712 2712 2712
2713 2713 2713
2714 2714 2714
2715 2715 2715
2716 2716 2716
2717 2717 2717
2718 2718 2718
2719 2719 2719
2720 2720 2720
2721 2721 2721
2722 2722 2722
2723 2723 2723
2724 2724 2724
2725 2725 2725
2726 2726 2726
2727 2727 2727
2728 2728 2728
2729 2729 2729
2730 2730 2730
2731 2731 2731
2732 2732 2732
2733 2733 2733
2734 2734 2734
2735 2735 2735
2736 2736 2736
2737 2737 2737
2738 2738 2738
2739 2739 2739
2740 2740 2740
2741 2741 2741
2742 2742 2742
2743 2743 2743
2744 2744 2744
2745 2745 2745
2746 2746 2746
2747 2747 2747
2748 2748 2748
2749 2749 2749
2750 2750 2750
2751 2751 2751
2752 2752 2752
2753 2753 2753
2754 2754 2754
2755 2755 2755
2756 2756 2756
2757 2757 2757
2758 2758 2758
2759 2759 2759
2760 2760 2760
2761 2761 2761
2762 2762 2762
2763 2763 2763
2764 2764 2764
2765 2765 2765
2766 2766 2766
2767 2767 2767
2768 2768 2768
2769 2769 2769
2770 2770 2770
2771 2771 2771
2772 2772 2772
2773 2773 2773
2774 2774 2774
2775 2775 2775
2776 2776 2776
2777 2777 2777
2778 2778 2778
2779 2779 2779
2780 2780 2780
2781 2781 2781
2782 2782 2782
2783 2783 2783
2784 2784 2784
2785 2785 2785
2786 2786 2786
2787 2787 2787
2788 2788 2788
2789 2789 2789
2790 2790 2790
2791 2791 2791
2792 2792 2792
2793 2793 2793
2794 2794 2794
2795 2795 2795
2796 2796 2796
2797 2797 2797
2798 2798 2798
2799 2799 2799
2800 2800 2800
2801 2801 2801
2802 2802 2802
2803 2803 2803
2804 2804 2804
2805 2805 2805
2806 2806 2806
2807 2807 2807
2808 2808 2808
2809 2809 2809
2810 2810 2810
2811 2811 2811
2812 2812 2812
2813 2813 2813
2814 2814 2814
2815 2815 2815
2816 2816 2816
2817 2817 2817
2818 2818 2818
2819 2819 2819
2820 2820 2820
2821 2821 2821
2822 2822 2822
2823 2823 2823
2824 2824 2824
2825 2825 2825
2826 2826 2826
2827 2827 2827
2828 2828 2828
2829 2829 2829
2830 2830 2830
2831 2831 2831
2832 2832 2832
2833 2833 2833
2834 2834 2834
2835 2835 2835
2836 2836 2836
2837 2837 2837
2838 2838 2838
2839 2839 2839
2840 2840 2840
2841 2841 2841
2842 2842 2842
2843 2843 2843
2844 2844 2844
2845 2845 2845
2846 2846 2846
2847 2847 2847
2848 2848 2848
2849 2849 2849
2850 2850 2850
2851 2851 2851
2852 2852 2852
2853 2853 2853
2854 2854 2854
2855 2855 2855
2856 2856 2856
2857 2857 2857
2858 2858 2858
2859 2859 2859
2860 2860 2860
2861 2861 2861
2862 2862 2862
2863 2863 2863
2864 2864 2864
2865 2865 2865
2866 2866 2866
2867 2867 2867
2868 2868 2868
2869 2869 2869
2870 2870 2870
2871 2871 2871
2872 2872 2872
2873 2873 2873
2874 2874 2874
2875 2875 2875
2876 2876 2876
2877 2877 2877
2878 2878 2878
2879 2879 2879
2880 2880 2880
2881 2881 2881
2882 2882 2882
2883 2883 2883
2884 2884 2884
2885 2885 2885
2886 2886 2886
2887 2887 2887
2888 2888 2888
2889 2889 2889
2890 2890 2890
2891 2891 2891
2892 2892 2892
2893 2893 2893
2894 2894 2894
2895 2895 2895
2896 2896 2896
2897 2897 2897
2898 2898 2898
2899 2899 2899
2900 2900 2900
2901 2901 2901
2902 2902 2902
2903 2903 2903
2904 2904 2904
2905 2905 2905
2906 2906 2906
2907 2907 2907
2908 2908 2908
2909 2909 2909
2910 2910 2910
2911 2911 2911
2912 2912 2912
2913 2913 2913
2914 2914 2914
2915 2915 2915
2916 2916 2916
2917 2917 2917
2918 2918 2918
2919 2919 2919
2920 2920 2920
2921 2921 2921
2922 2922 2922
2923 2923 2923
2924 2924 2924
2925 2925 2925
2926 2926 2926
2927 2927 2927
2928 2928 2928
2929 2929 2929
2930 2930 2930
2931 2931 2931
2932 2932 2932
2933 2933 2933
2934 2934 2934
2935 2935 2935
2936 2936 2936
2937 2937 2937
2938 2938 2938
2939 2939 2939
2940 2940 2940
2941 2941 2941
2942 2942 2942
2943 2943 2943
2944 2944 2944
2945 2945 2945
2946 2946 2946
2947 2947 2947
2948 2948 2948
2949 2949 2949
2950 2950 2950
2951 2951 2951
2952 2952 2952
2953 2953 2953
2954 2954 2954
2955 2955 2955
2956 2956 2956
2957 2957 2957
2958 2958 2958
2959 2959 2959
2960 2960 2960
2961 2961 2961
2962 2962 2962
2963 2963 2963
2964 2964 2964
2965 2965 2965
2966 2966 2966
2967 2967 2967
2968 2968 2968
2969 2969 2969
2970 2970 2970
2971 2971 2971
2972 2972 2972
2973 2973 2973
2974 2974 2974
2975 2975 2975
2976 2976 2976
2977 2977 2977
2978 2978 2978
2979 2979 2979
2980 2980 2980
2981 2981 2981
2982 2982 2982
2983 2983 2983
2984 2984 2984
2985 2985 2985
2986 2986 2986
2987 2987 2987
2988 2988 2988
2989 2989 2989
2990 2990 2990
2991 2991 2991
2992 2992 2992
2993 2993 2993
2994 2994 2994
2995 2995 2995
2996 2996 2996
2997 2997 2997
2998 2998 2998
2999 2999 2999
0-2223
1-2983
1-319
1-2617
1-1837
1-697
1-1761
1-109
1-1279
2-690
3-1227
4-418
4-2726
4-1821
4-926
4-1874
4-1310
5-2904
5-1174
5-1125
5-2778
5-214
6-1457
6-147
6-1959
7-149
8-451
9-2477
10-71
11-2500
11-570
11-1289
11-2782
11-1719
12-1238
12-1137
12-604
13-609
13-2135
14-2553
15-462
15-75
15-2384
16-261
17-869
18-348
18-2894
19-12
20-2409
20-273
21-309
21-1655
21-1027
22-1894
23-139
23-2061
23-450
24-345
25-246
25-88
25-1724
26-2928
26-2790
27-1633
28-2917
29-2301
29-116
30-479
31-638
32-2116
33-1783
34-264
35-2326
35-1048
35-748
36-762
36-350
37-2323
37-122
37-2850
38-2923
39-1681
39-854
40-328
41-2109
41-379
42-1276
43-1491
44-2114
44-1978
44-82
45-1597
46-224
47-2852
47-627
48-24
48-1229
48-387
48-2504
49-2656
49-1205
49-1433
50-2177
50-2954
51-2291
52-240
52-1598
52-2472
53-2185
53-920
53-829
53-1643
53-126
53-1502
53-333
54-2501
55-1621
56-2627
56-1904
57-437
58-2461
59-1000
60-2049
60-2890
60-649
61-2298
61-714
62-1190
62-893
62-2559
63-809
63-1706
64-809
64-2055
64-167
65-212
65-777
66-332
67-1896
68-1688
69-309
69-2191
70-2654
71-96
72-1936
72-2763
72-2632
72-861
72-2360
73-2996
74-1051
74-2120
75-85
75-2854
76-1379
77-2990
77-2501
78-370
79-34
80-795
81-256
82-2333
82-37
83-308
83-1817
83-1606
83-2129
83-2377
84-1154
84-1123
85-332
86-932
86-2392
87-1418
87-445
87-1663
88-1873
88-507
89-1440
89-480
90-2443
90-2765
91-1457
92-501
92-1213
93-2880
94-1697
94-291
94-1088
94-2189
94-1302
94-2115
95-908
96-2800
97-2598
98-1411
98-1159
98-127
98-1793
98-255
98-2767
98-1060
98-1463
99-1719
99-219
99-2232
100-518
101-691
101-888
101-2319
102-533
102-2007
103-1107
103-1015
103-2559
103-459
104-1554
105-2910
106-948
106-2869
107-1912
107-236
107-1864
108-342
108-2141
108-1070
109-95
109-2163
109-553
110-1428
110-1319
111-2870
112-2788
113-77
113-2940
114-432
115-667
115-1402
115-852
115-130
115-2143
115-2969
116-1040
116-1757
117-755
117-754
117-1314
118-720
118-984
118-2324
119-2750
119-6
120-2271
121-1748
122-2343
122-2100
122-2638
123-2497
123-2680
124-1673
124-507
125-1619
125-1222
126-496
127-2240
127-1617
127-767
127-2317
127-2042
128-2506
129-1840
130-1262
130-225
131-1036
131-1228
132-552
132-936
132-921
132-2772
132-1042
132-2675
132-2018
132-665
133-244
133-1845
134-1765
134-307
135-1713
135-1516
135-127
135-892
135-2649
136-286
137-1497
138-857
139-991
140-2258
141-470
142-215
143-1629
143-525
143-296
143-1929
143-2610
143-2932
144-496
144-2991
144-2653
145-2137
146-398
147-2949
148-778
148-2487
149-372
149-2411
149-2439
149-1310
149-1237
150-956
151-1357
152-1422
152-990
152-4
152-2732
153-1858
154-471
155-2283
156-1427
157-248
158-1820
158-345
158-1114
158-1543
159-1583
159-2017
159-468
160-1508
160-2378
161-2162
162-949
163-2758
163-2682
163-904
163-2005
164-897
164-1510
165-2166
165-2354
166-2426
166-834
167-1067
168-1909
169-1554
169-1478
169-2504
170-823
171-1935
172-735
173-2147
173-1147
173-2330
173-1438
174-2151
175-1086
175-2958
176-2878
177-1039
177-1770
177-2428
177-1886
177-2450
178-2663
179-2777
179-750
180-2091
180-1918
181-2706
181-2432
181-1756
181-155
182-1670
183-2037
183-1985
184-940
185-1973
185-583
186-1143
187-248
188-2653
188-2759
188-387
189-2487
189-941
189-923
189-2813
189-351
189-1391
190-1742
190-2255
191-489
192-1640
193-1107
193-1750
194-2488
194-1982
195-1600
195-925
196-156
197-81
197-2882
198-2081
198-297
198-1902
198-1987
198-1765
199-1018
199-2062
200-2262
201-815
201-1997
202-850
202-821
202-823
202-2494
202-2395
203-2446
204-651
205-1060
206-2078
207-270
208-823
209-257
209-1709
209-2751
210-1358
210-1938
211-1846
211-1434
211-123
212-1928
212-2946
212-2987
212-2944
212-1127
213-118
213-2094
214-507
214-1795
215-2809
216-2998
216-2587
217-529
217-2521
217-2102
217-2518
218-983
218-1705
218-2019
219-1006
219-137
220-1541
221-1326
221-1210
221-2300
221-2628
221-1543
221-2830
221-2697
221-2581
222-1225
223-199
224-451
224-344
224-126
225-211
225-2264
226-1341
227-53
227-2547
228-1299
228-2716
229-628
229-1434
229-249
230-2012
230-696
230-1643
231-1990
232-1337
232-2928
233-840
233-743
234-2210
235-2886
235-2590
235-1574
235-1058
236-940
237-1067
237-1028
237-2148
237-798
237-2999
238-198
238-1427
238-2012
239-767
240-74
241-486
241-2058
242-32
242-1319
242-1137
243-1187
243-2269
244-246
245-1652
246-2769
247-1951
248-2484
248-2244
248-2458
249-1769
249-1897
250-2132
251-77
251-2457
251-605
251-1489
252-1418
252-1061
252-222
252-1789
253-2247
253-2032
254-2196
254-601
254-1669
254-2550
255-705
255-2238
256-987
257-705
258-647
259-647
260-1356
260-2364
261-2741
261-478
261-335
262-1792
263-905
263-106
264-2648
264-1896
265-1593
265-1899
266-330
266-354
266-1173
267-1336
268-255
268-1287
268-1915
268-325
268-788
269-735
270-2228
271-1872
272-558
272-2462
272-1285
272-1935
273-1478
273-748
274-248
275-1080
275-1043
276-817
276-1098
276-193
276-2482
277-922
277-1689
277-144
277-1052
277-2985
277-2287
278-748
279-1150
279-2953
279-2776
279-994
279-1442
280-2529
280-363
281-579
281-2882
282-2942
283-2673
284-2804
285-244
286-1291
287-98
287-234
287-2309
288-2708
289-1348
289-1498
290-1051
291-519
291-1813
292-1992
293-1834
294-2718
295-1761
296-425
297-195
298-1037
299-105
300-816
301-2096
301-657
301-2590
301-1735
302-2980
302-394
303-1037
303-733
304-1526
304-626
305-2718
306-2556
307-1354
307-2781
308-380
308-1542
309-718
310-1939
311-898
312-2830
313-639
314-434
314-1828
314-2899
314-1965
315-1290
316-1909
316-2642
316-1140
316-2575
317-1168
317-403
317-1056
317-2615
317-2827
317-1032
318-401
318-268
319-1126
320-2628
320-2087
320-1603
320-865
321-634
321-605
321-2492
321-861
322-1239
323-1802
323-2329
324-2767
325-2998
326-281
326-2491
327-303
328-2123
328-238
328-2673
328-737
329-1759
329-241
330-2492
331-513
331-1179
332-1438
332-1453
332-1388
333-270
334-1288
335-1182
335-2791
336-2226
337-2821
337-1744
338-2868
338-2836
338-1907
338-1277
339-2125
339-2996
340-151
340-1750
341-356
341-1554
341-851
341-1961
342-2072
343-1579
344-2904
345-964
345-2811
345-1596
345-540
345-2161
346-674
347-570
347-2705
347-293
347-1237
347-808
347-53
348-471
348-1620
349-966
349-1090
350-1610
351-648
351-2320
351-803
352-2358
353-1207
353-2405
354-1111
355-2604
355-2595
356-1968
357-1760
357-1634
357-2033
357-225
357-2025
357-2410
358-1602
358-2334
358-2785
358-205
358-13
359-1052
360-2448
361-973
361-2385
362-1325
362-660
363-2405
364-2292
365-1179
365-1230
366-132
367-628
368-1960
368-2244
368-2990
368-1003
369-82
369-1963
369-416
370-1386
371-2711
372-192
372-966
373-661
373-1893
374-1804
375-2640
376-952
376-1538
376-2153
376-965
377-2366
378-961
378-51
378-2336
379-2786
379-1537
379-2203
379-1309
379-406
380-1993
380-1133
380-1697
380-2249
380-2169
381-634
381-2072
381-2294
381-2819
381-2698
382-2010
383-2517
383-2061
383-116
383-2944
383-2079
383-1277
383-2943
384-542
385-1621
386-2188
386-630
387-2349
388-2754
389-1016
390-1009
390-1963
390-1574
390-1761
390-1617
391-1585
391-1640
392-2422
393-2534
393-2682
394-911
394-1868
394-2928
394-1473
394-1570
395-1169
396-1241
397-1753
397-843
397-1637
398-2002
398-313
398-447
398-2406
398-1216
399-1345
400-511
401-2086
402-955
402-1620
402-2681
403-2369
404-931
405-1224
405-2864
405-1363
406-1768
406-1893
406-842
407-1279
408-493
409-1627
409-37
409-1936
410-1966
411-1638
411-759
411-2553
411-1742
411-735
412-2736
413-12
413-94
413-1170
413-2947
414-448
414-2464
414-747
414-438
414-1964
415-151
416-1464
416-2757
416-959
416-533
417-1114
418-1967
419-118
419-1502
420-1648
421-634
421-1287
421-1637
422-343
422-2423
422-2664
422-2637
422-1301
423-513
424-1490
425-2008
426-48
426-2065
427-2342
428-2202
428-1096
429-2634
429-1716
430-2903
431-539
432-1528
432-2768
433-2690
434-2769
435-2935
435-2854
436-854
437-100
437-190
437-1517
438-630
438-493
438-852
438-2279
438-718
439-2258
439-265
439-1563
439-1766
439-2713
439-2510
440-2063
440-34
440-1146
440-928
441-1887
441-2225
442-492
443-1141
443-2757
443-1889
443-2940
443-393
444-735
445-2563
445-2730
446-685
447-1900
447-2000
448-1831
449-2624
449-1921
449-1479
449-916
450-2933
450-340
451-108
452-967
453-2882
453-1874
454-2309
454-2899
455-2463
455-2380
455-2194
455-1198
455-2262
456-339
456-619
457-898
457-688
458-2872
458-1825
459-1384
460-2569
461-2838
461-2063
462-96
463-2918
463-561
463-2615
464-637
465-2722
466-2333
467-1272
468-1603
468-2061
469-1875
469-1745
470-2825
470-1680
471-2395
471-2422
471-160
471-999
471-486
472-613
473-2687
474-1574
474-2981
474-1312
474-711
474-1091
474-653
475-2867
475-2758
476-2043
477-1825
478-1092
478-705
479-2660
479-1122
480-777
481-1617
481-1882
481-1934
481-1957
481-1730
482-2580
483-504
483-2080
483-52
484-830
484-2818
485-2910
485-2063
486-471
486-1198
487-1042
488-1594
489-1371
489-1857
489-2531
490-747
491-2094
491-274
491-2642
492-5
492-2212
493-1499
493-942
493-1327
493-675
494-2949
495-969
495-616
496-2176
497-86
497-1027
498-458
499-2378
499-267
500-879
501-1169
502-1367
502-537
503-2533
503-2544
504-2755
505-2458
506-2570
507-899
508-1353
509-1413
509-2376
510-1517
511-2443
512-316
513-2623
513-187
514-677
514-1477
514-1130
514-2505
515-1915
515-2505
516-1821
516-2405
517-917
517-1949
517-2964
518-810
518-1594
519-355
520-2011
521-2472
521-1375
521-399
522-1816
523-304
524-2493
525-2760
525-1074
526-746
526-282
527-134
527-441
527-929
527-2185
528-690
529-400
530-316
531-2337
532-2704
532-1238
533-2100
534-775
534-1554
534-68
535-2360
536-1890
537-649
537-1470
537-1336
538-330
539-2474
539-822
539-2625
539-1394
540-855
541-2712
542-2287
543-1902
544-2128
545-1846
546-598
546-2455
546-567
547-1874
547-336
548-1456
549-498
550-15
551-2123
552-1126
552-1510
552-2893
553-1214
554-74
555-1215
556-1567
556-1330
557-1749
557-2369
558-443
559-652
559-111
560-1131
560-1450
561-2166
562-880
563-2570
563-1483
563-296
564-812
564-1121
565-451
565-2262
565-1495
565-2821
566-1474
566-2514
567-990
568-2424
569-1590
569-998
569-1482
570-1420
570-1151
571-988
572-2216
573-431
574-2553
574-2489
574-948
575-2951
575-905
575-238
576-2565
576-148
576-111
576-1170
577-1188
577-2995
578-2015
578-2853
579-2388
580-1187
580-1675
580-2130
581-1553
581-254
581-1834
582-2941
583-2687
584-182
585-2287
585-1062
585-2911
585-1593
586-2286
586-2625
587-961
588-1329
588-638
589-1029
590-2144
591-137
591-192
592-2938
593-1656
593-1173
593-858
594-141
594-662
595-765
596-1526
597-630
597-2294
597-2241
597-1416
597-199
597-1134
598-2725
599-2360
599-364
599-557
599-2054
599-2472
599-2680
599-2328
599-1817
600-2585
600-2662
600-1107
601-2791
601-734
601-2001
601-609
601-470
601-2101
601-33
601-2793
601-2077
601-2920
602-961
603-591
604-1580
605-149
606-677
607-1226
607-718
608-1965
608-740
609-1539
610-109
610-751
610-2024
611-2559
612-850
613-2426
613-1606
613-761
613-1521
613-1202
613-2891
614-1439
615-2643
615-1551
616-444
616-1508
617-2461
618-2568
619-1499
620-970
621-2736
622-1664
622-1166
622-341
623-2205
623-1934
624-1729
625-1024
625-2052
625-1717
625-2206
626-208
626-628
627-1566
628-357
628-1979
629-1563
629-2752
630-1278
630-543
630-681
630-2599
630-2674
631-302
632-2271
633-305
634-1714
634-46
634-2218
634-1268
635-494
636-2820
637-2192
637-272
638-2224
638-259
638-1671
639-1905
640-120
641-1519
641-136
641-1968
641-109
642-2957
643-2307
644-518
645-1861
645-1205
645-374
645-2997
646-938
647-964
647-1075
647-240
648-1943
648-1314
649-1705
649-1985
649-2516
649-822
650-2156
650-1283
650-336
651-397
651-702
651-2543
652-2347
653-911
654-2942
654-2859
655-1900
655-1103
655-827
656-2793
656-1457
657-2480
658-2600
659-2274
660-2920
660-1077
660-2823
660-2605
661-896
661-1705
662-1636
663-2344
663-1680
664-2482
664-644
665-1757
665-780
666-1025
666-1371
667-103
667-555
668-838
669-485
669-1646
670-1048
671-609
671-565
672-497
672-972
672-2561
673-91
674-1821
675-1028
676-1410
676-2537
676-1364
676-1955
677-2992
677-1156
678-1956
679-127
680-248
681-110
681-1347
681-915
681-412
682-378
682-666
683-989
684-1428
685-2553
686-490
686-35
687-1075
688-194
689-1114
689-2135
689-1958
689-2864
690-2805
691-722
691-1653
692-266
692-905
692-2553
692-2664
692-1288
693-2415
693-2373
693-724
694-2070
695-2985
696-1506
697-2684
698-1631
699-837
699-1483
699-2966
699-1324
699-2300
700-26
701-194
701-1776
702-2593
703-33
703-598
703-456
704-2940
705-1486
706-2117
706-122
707-2074
707-1666
708-1902
709-1081
709-827
710-357
710-2202
711-1186
711-2984
711-2960
712-141
713-1926
714-31
714-2842
714-2240
714-2311
715-165
715-2526
715-57
715-376
716-2748
716-2162
717-941
718-2892
719-2568
719-1818
719-555
719-2859
720-1788
720-873
721-632
721-803
721-2344
721-2719
722-2712
723-2444
723-832
724-1331
725-1436
726-341
726-514
726-669
727-1142
728-2222
729-700
730-739
730-1218
730-2647
730-1117
730-2161
730-1042
730-1029
731-1459
732-375
733-2167
733-873
734-91
734-2012
734-2530
735-951
735-264
735-2368
735-2344
735-250
735-968
735-1807
736-532
737-2340
738-2024
739-234
740-2430
740-1529
741-1076
742-2238
742-443
742-2890
742-299
742-2858
742-919
743-738
743-1531
743-1264
743-1709
743-771
744-469
744-512
745-447
746-1198
747-1322
747-1654
747-120
747-1604
747-1322
748-1603
748-2101
748-2545
749-276
749-1025
750-1792
751-624
751-435
751-2649
751-275
752-1681
753-1408
754-1603
754-1170
754-277
755-861
756-1073
756-1961
757-1972
758-2746
759-618
760-2202
761-2589
762-2628
763-794
764-547
764-740
764-1357
765-856
766-258
767-2333
768-1639
768-1503
769-1974
769-627
770-805
771-2278
771-1921
772-1830
772-2992
772-1013
773-1360
774-2150
774-198
775-950
775-970
776-851
777-2114
778-1570
779-2400
779-1728
779-1121
779-1420
780-1094
781-1146
782-937
782-2528
782-756
782-1208
782-2450
783-394
783-2287
783-2288
784-2409
785-1081
786-2290
786-710
786-2914
787-1709
787-2373
787-1444
788-1524
789-1068
790-360
791-639
791-1432
792-1447
792-1244
792-2009
792-701
792-1311
793-2215
793-1438
793-1362
794-2414
795-1255
796-161
796-2750
797-1415
798-554
799-548
799-1523
800-926
800-385
801-420
801-1119
802-2366
802-526
802-288
802-182
802-2839
803-1388
803-1912
804-2771
805-2440
806-1314
806-338
807-1797
807-2100
807-595
808-1994
809-587
810-2009
811-2876
812-1525
813-1337
813-1105
813-365
813-1834
813-2233
814-1893
815-1464
815-1757
815-48
816-760
817-2924
817-2537
817-2492
818-1014
819-1503
820-1247
821-127
821-1791
821-1264
822-456
822-824
823-2891
824-1420
824-931
825-672
825-188
826-601
826-2953
827-2010
828-68
829-1173
830-808
830-2190
831-443
831-653
832-471
833-2210
834-2531
835-62
835-2133
836-363
836-2351
837-2276
838-280
838-2959
838-2201
839-1618
840-2664
840-1517
840-2143
840-1256
841-2010
842-1203
843-2295
843-1640
844-2359
844-1761
845-2724
846-1482
847-2737
847-2457
848-2334
849-2068
849-1832
850-47
850-2075
851-2686
852-1040
853-1049
853-291
853-2357
853-2741
853-2966
853-2331
853-672
854-1065
855-2015
856-732
857-2763
857-1137
857-1061
857-1753
857-65
857-254
858-2423
858-1200
859-1045
859-369
859-2988
860-648
860-322
861-2717
861-482
862-766
863-1446
864-2694
865-653
866-420
866-2047
867-1411
867-518
867-915
867-266
867-2457
868-385
869-558
869-2938
870-393
871-2267
872-621
873-2965
873-1541
874-1094
875-1562
875-1993
876-1679
876-2039
876-805
877-1372
878-1155
879-733
879-1710
879-511
880-2121
880-103
881-316
881-121
881-274
882-494
883-1294
883-524
883-119
883-2950
883-530
884-379
884-2287
884-270
884-1095
884-1022
885-257
885-1432
886-231
886-953
887-357
888-2734
889-2924
889-1044
889-2555
889-1398
889-2816
889-2654
889-858
889-452
890-1972
890-1019
890-2140
890-27
891-501
892-713
892-2286
893-1007
893-2694
893-812
894-1304
894-1836
894-391
894-2641
894-1013
894-2024
894-2510
894-2803
894-530
895-1750
896-438
897-2033
898-752
898-1874
898-2007
899-905
899-122
900-310
900-2444
901-1674
901-755
902-1629
903-1386
903-717
903-253
903-2044
903-380
904-2831
904-2992
905-1503
906-442
906-1368
906-573
906-2068
906-1883
906-1162
907-2305
907-2667
908-2961
909-741
909-293
910-2975
910-1977
910-993
911-1871
912-1110
913-1945
914-1973
914-2232
914-1846
915-2406
916-2689
917-635
918-2789
919-2284
920-1714
921-1503
922-2806
923-1929
924-1650
924-2699
924-2425
924-1525
924-308
924-1434
924-1570
925-2286
925-442
926-2338
926-85
926-1069
927-1486
928-123
928-2217
928-2932
928-574
928-1761
928-320
929-1051
929-2839
930-511
930-1290
930-2237
930-2342
930-2176
931-517
931-2731
931-1617
932-689
932-2840
932-321
933-2625
934-873
935-2225
936-340
936-2227
936-459
937-442
938-2859
939-1050
939-2341
939-370
939-2234
940-2533
940-312
940-749
940-1061
940-1416
940-670
940-1693
941-547
941-1448
942-1784
942-1652
942-1256
943-2085
943-1738
943-731
943-1197
944-2771
945-2932
946-1174
946-2409
947-2925
947-1770
947-330
948-888
948-2560
949-1993
950-702
950-2817
951-2654
951-1299
952-2827
952-2773
952-2170
952-1011
952-861
953-2778
954-2371
954-181
955-220
955-101
956-767
956-1716
956-1341
957-2817
957-601
957-748
957-2591
957-2007
957-2732
957-790
957-643
957-1275
957-1118
957-2496
958-299
958-2874
959-279
959-2994
959-483
960-1198
960-556
961-1353
962-1408
962-199
962-1508
963-1081
964-836
964-2256
964-192
964-2507
964-392
964-1910
964-460
965-2194
966-808
967-1938
967-2495
968-951
968-2009
968-2820
968-2709
968-1594
969-70
969-1844
970-2697
970-1591
970-13
970-1391
970-282
971-844
972-1938
973-464
973-1083
974-720
974-1685
975-2056
975-1254
975-622
975-2123
976-1600
976-227
977-2031
977-2894
978-1064
978-979
978-1909
978-1447
979-1650
979-1516
979-8
980-114
981-462
981-1775
982-2689
983-1552
984-356
984-2969
984-2865
984-1032
984-1783
984-994
985-498
985-303
985-2669
985-317
986-2420
986-1491
986-1230
986-1692
986-2403
987-115
988-493
988-987
989-2252
989-1526
990-858
990-766
991-1393
991-2530
991-2293
992-635
993-251
993-1339
994-376
995-731
995-1469
996-414
996-2738
996-64
996-1093
997-2126
997-136
997-2085
997-660
997-1467
998-680
999-2890
1000-2947
1001-2719
1002-702
1002-1922
1002-1564
1002-1335
1003-361
1003-1536
1003-1182
1004-2763
1005-2946
1005-2862
1006-483
1007-2912
1007-639
1008-1994
1009-1407
1010-2636
1011-374
1012-2204
1012-184
1012-2290
1012-2601
1012-2041
1013-1583
1013-617
1014-270
1014-2713
1015-2808
1015-578
1016-1692
1016-893
1016-2894
1016-319
1017-1183
1017-32
1017-1721
1017-1254
1017-942
1018-2473
1019-2558
1020-1526
1020-2697
1020-94
1021-1862
1022-662
1022-574
1022-791
1022-2070
1023-799
1024-152
1024-2852
1024-1721
1024-1779
1024-2790
1024-2951
1025-872
1025-332
1026-652
1026-1888
1026-1548
1027-1804
1028-586
1029-164
1029-1840
1029-2513
1030-1401
1031-2572
1031-2108
1031-1847
1031-2159
1032-1964
1032-2958
1033-1497
1033-1170
1034-2188
1035-57
1036-2787
1036-1784
1036-1632
1037-1539
1038-888
1039-2901
1039-202
1039-1425
1040-2785
1041-2721
1041-2510
1042-2520
1043-2935
1044-2478
1044-2837
1045-810
1046-2845
1047-1568
1047-2272
1048-1904
1048-1862
1049-235
1049-491
1049-1265
1050-99
1050-617
1050-608
1051-1605
1052-1048
1052-767
1052-2349
1052-1669
1052-480
1052-2059
1053-2401
1053-678
1053-798
1054-691
1054-1416
1055-2492
1055-2194
1055-1450
1055-647
1055-701
1055-2709
1055-1943
1056-1837
1056-103
1057-2928
1058-677
1058-2164
1058-2988
1058-540
1059-2286
1059-1006
1059-2232
1059-2852
1060-2167
1060-1357
1061-1683
1061-2028
1061-2414
1061-1295
1062-441
1062-680
1063-2040
1063-17
1063-223
1064-112
1064-953
1065-814
1065-1850
1065-1825
1065-564
1065-178
1065-1477
1065-1910
1065-303
1065-65
1066-2719
1066-1122
1066-941
1067-2415
1068-1695
1069-648
1070-1159
1070-89
1070-226
1070-2548
1070-1139
1071-1868
1071-1363
1071-2722
1072-406
1073-2284
1074-1555
1074-897
1074-1334
1075-564
1076-2991
1076-2913
1077-2155
1077-1858
1077-2788
1077-2135
1077-859
1078-510
1078-1965
1078-807
1079-2915
1080-953
1080-991
1080-1567
1080-1205
1081-1238
1081-1035
1082-452
1082-926
1083-2226
1083-722
1084-1738
1085-2192
1086-2199
1086-1482
1086-2577
1087-2550
1088-1480
1088-331
1088-755
1088-962
1089-2635
1089-1480
1089-1941
1089-1368
1090-1295
1090-1794
1090-1415
1090-2606
1090-1024
1090-582
1091-116
1091-1565
1091-2638
1092-137
1093-1963
1094-319
1094-332
1095-253
1096-2256
1096-2962
1097-2116
1098-2376
1098-2307
1099-2359
1099-468
1100-934
1101-284
1101-2373
1101-2080
1101-467
1101-2513
1101-2493
1101-1368
1101-30
1101-1314
1101-1790
1101-2064
1102-2217
1103-2992
1104-157
1104-2907
1105-2844
1105-1775
1105-814
1105-306
1106-1424
1107-1061
1107-2665
1107-2919
1108-1965
1109-2038
1109-1600
1109-2500
1110-908
1111-2734
1112-959
1113-2376
1114-2638
1114-152
1115-2017
1116-1611
1116-673
1117-767
1117-665
1118-1240
1118-2605
1119-1944
1120-1457
1121-343
1122-161
1122-1320
1122-1226
1123-2335
1123-1142
1124-2098
1124-1232
1124-2681
1125-641
1125-2534
1126-1571
1127-1354
1127-2302
1127-873
1128-1057
1128-2691
1129-2094
1129-1067
1130-2103
1130-80
1131-1203
1131-1683
1132-2763
1133-1234
1133-2473
1133-2440
1133-2240
1133-1613
1133-2107
1134-498
1135-1747
1135-1837
1136-2001
1136-1866
1136-578
1136-1676
1136-1422
1137-711
1137-1665
1138-759
1139-170
1140-1306
1141-969
1141-57
1142-2873
1142-2780
1143-1403
1143-631
1144-761
1144-276
1145-2288
1146-467
1146-1424
1146-1498
1146-1367
1146-504
1147-1783
1148-2506
1149-122
1150-358
1151-1069
1152-1803
1152-1059
1153-2040
1154-1282
1155-2602
1155-2563
1155-1972
1155-2786
1155-1499
1156-1309
1157-1520
1157-2184
1157-2106
1157-1097
1157-1601
1157-1802
1157-2457
1157-235
1157-357
1158-863
1158-943
1158-2104
1159-500
1159-810
1159-2209
1159-1432
1159-230
1160-1317
1161-2072
1161-2166
1162-244
1163-108
1164-2881
1164-2884
1165-1261
1165-1982
1165-1471
1166-2446
1166-1893
1167-2774
1168-2111
1168-2356
1169-1608
1170-1262
1171-646
1171-321
1172-1971
1173-1484
1173-1672
1173-2624
1173-2091
1174-322
1175-979
1176-734
1176-2739
1177-1424
1177-1752
1178-1423
1178-1906
1179-1409
1180-2465
1180-1859
1181-623
1181-1013
1182-1190
1183-2180
1184-1693
1185-2298
1186-2025
1186-1537
1187-5
1188-2309
1188-2134
1188-2369
1188-2990
1188-707
1188-1139
1189-2285
1190-1182
1191-479
1191-1209
1192-2158
1193-2006
1194-2500
1195-2696
1195-1614
1195-1112
1195-1106
1195-63
1196-2961
1197-996
1198-571
1199-560
1200-687
1200-121
1200-1961
1201-2466
1201-1334
1201-191
1201-2117
1202-134
1202-158
1202-2118
1203-2637
1203-945
1204-729
1204-436
1204-1315
1204-422
1205-863
1205-384
1205-875
1206-1399
1206-1061
1207-627
1208-2224
1209-845
1209-1351
1209-560
1210-85
1210-2859
1211-1546
1212-2067
1212-2133
1212-897
1212-718
1213-1425
1214-2345
1214-530
1214-581
1214-2267
1214-2889
1215-2275
1215-1124
1215-2405
1215-2830
1216-801
1217-965
1217-1421
1218-615
1219-758
1220-2321
1220-2791
1221-2534
1221-1084
1221-2135
1221-1693
1221-1557
1221-2055
1222-933
1222-578
1222-645
1222-1594
1223-2101
1224-1052
1225-1115
1225-2436
1225-983
1226-1500
1227-551
1227-2397
1227-408
1227-1609
1227-11
1227-1655
1228-2809
1229-2631
1229-1327
1230-1629
1230-1402
1231-1007
1231-1297
1232-1001
1233-1325
1233-1292
1234-1802
1234-1963
1235-183
1235-102
1235-1122
1236-47
1237-1376
1238-354
1239-2299
1240-1212
1241-1383
1242-1182
1243-2981
1243-1092
1244-2554
1245-2880
1246-2735
1247-54
1247-699
1248-888
1248-1019
1248-2679
1248-2131
1248-54
1248-796
1248-764
1249-512
1250-2304
1250-2031
1251-701
1251-124
1252-2200
1252-370
1253-2297
1253-2345
1254-1632
1254-606
1254-2468
1255-724
1256-598
1256-2745
1256-1844
1256-914
1257-2873
1258-708
1258-1054
1258-29
1258-933
1259-808
1260-1682
1261-1559
1262-2462
1263-221
1264-1020
1264-1342
1265-279
1265-613
1266-1468
1267-2063
1267-2727
1267-112
1267-952
1267-1389
1268-1494
1269-1635
1269-328
1270-2678
1271-1693
1272-2121
1272-2917
1273-152
1273-2161
1273-1871
1273-490
1274-314
1275-1894
1275-2841
1276-1754
1276-1897
1277-1218
1278-2755
1278-1935
1279-2835
1280-295
1281-1515
1281-776
1282-2278
1282-2149
1283-778
1283-408
1284-1334
1285-1577
1286-331
1286-235
1287-1449
1287-1391
1288-356
1289-1356
1289-77
1290-2516
1290-1137
1291-662
1291-1903
1292-442
1293-1569
1294-785
1295-381
1295-2130
1296-2336
1297-1034
1297-1691
1297-2440
1297-1920
1297-935
1298-60
1298-622
1298-1450
1299-2173
1300-949
1301-2471
1301-2608
1301-952
1302-1512
1302-1837
1302-2518
1303-716
1304-2797
1305-2209
1305-281
1305-1086
1306-2476
1307-556
1307-1361
1307-348
1307-1168
1307-2547
1308-370
1308-1290
1309-989
1310-2458
1310-1209
1310-2621
1310-530
1310-286
1311-602
1312-1440
1312-824
1312-1299
1312-295
1313-1886
1314-2832
1315-364
1315-455
1315-1046
1316-2621
1316-2246
1316-2327
1317-646
1318-883
1318-546
1318-1625
1319-2600
1319-2429
1319-1660
1319-204
1319-203
1320-561
1320-1937
1320-2110
1321-1405
1321-2103
1321-1426
1321-1043
1321-2320
1321-1076
1322-138
1323-652
1323-691
1323-1559
1323-1919
1324-2546
1324-1482
1325-2610
1326-34
1326-2244
1326-1854
1327-24
1327-2463
1327-2215
1328-562
1329-1274
1330-2934
1330-2394
1330-714
1331-417
1331-255
1332-908
1333-1591
1333-184
1333-1238
1334-788
1335-457
1336-378
1337-178
1337-2283
1337-2419
1338-204
1338-2995
1339-2431
1340-2892
1340-502
1341-1199
1341-1635
1342-1850
1342-1457
1343-1351
1343-2193
1343-2848
1344-152
1344-1239
1344-623
1345-2924
1346-468
1346-1914
1347-1190
1347-582
1348-2267
1348-1655
1348-2621
1348-744
1349-2218
1349-302
1349-2421
1350-1136
1350-873
1351-477
1351-1693
1352-2945
1352-1948
1353-1474
1354-2952
1355-968
1355-830
1356-1985
1356-568
1356-1407
1356-650
1356-2862
1357-151
1357-1334
1357-2747
1357-2113
1358-2100
1358-1974
1359-1911
1359-2991
1360-2196
1360-1222
1360-1494
1360-2430
1360-999
1361-161
1362-1803
1362-1053
1362-1513
1363-1126
1363-1536
1364-1140
1364-2682
1364-1363
1365-1542
1365-779
1365-1155
1365-1387
1366-2637
1366-719
1367-1437
1367-431
1367-112
1367-1462
1368-1704
1368-1595
1369-1662
1369-2122
1370-394
1371-1635
1371-328
1371-2655
1371-2014
1371-1078
1371-177
1372-650
1373-2178
1373-288
1374-2279
1374-1722
1375-2382
1375-320
1376-1264
1377-1012
1378-306
1379-418
1380-1799
1381-2293
1382-2121
1382-589
1382-90
1382-1160
1383-1018
1383-1301
1384-193
1384-2284
1384-1232
1384-2146
1385-635
1386-1982
1386-1474
1387-2428
1388-2476
1389-1082
1389-500
1389-1161
1389-2675
1390-2763
1391-903
1392-602
1392-2864
1393-1416
1393-1503
1393-1640
1394-899
1395-556
1395-520
1396-2798
1397-2508
1398-724
1398-1287
1398-1956
1398-1115
1398-1268
1399-2610
1399-1926
1400-646
1400-2842
1401-312
1402-996
1402-2646
1403-623
1404-13
1404-120
1405-2711
1406-137
1407-1677
1407-737
1408-1127
1408-1206
1409-1046
1409-1706
1410-1159
1411-617
1411-2054
1412-1377
1413-734
1414-1787
1414-2736
1414-2467
1414-2182
1414-1552
1415-2173
1415-165
1415-2795
1416-1249
1416-1446
1416-1467
1416-1206
1416-2190
1416-2335
1416-1619
1417-2385
1418-1504
1419-561
1419-922
1419-679
1419-1126
1419-2916
1420-961
1421-762
1421-2159
1421-620
1421-2680
1421-1208
1421-2796
1422-1931
1422-2139
1423-2905
1424-13
1425-2790
1425-859
1425-1986
1425-1083
1426-325
1427-624
1427-455
1427-215
1428-826
1428-130
1429-2123
1430-2002
1431-2431
1431-2862
1432-2910
1433-951
1434-846
1435-916
1435-2030
1435-198
1436-1015
1437-1479
1438-361
1438-2955
1439-2953
1440-1955
1440-1141
1441-2121
1442-239
1442-91
1443-2018
1444-1074
1445-2497
1445-2248
1445-428
1445-483
1445-2530
1445-921
1446-1047
1447-1739
1447-1065
1448-1602
1448-1176
1449-939
1450-1261
1450-1574
1450-2310
1451-139
1451-2550
1452-1844
1453-395
1453-257
1454-326
1455-2273
1456-2545
1457-2401
1457-1092
1458-2277
1459-2986
1460-947
1461-675
1462-47
1463-1153
1463-2602
1464-2517
1464-2276
1465-506
1465-611
1465-2317
1465-165
1466-2202
1466-2856
1466-2234
1467-433
1467-2395
1468-2818
1468-1728
1469-979
1470-467
1471-1863
1471-636
1471-2088
1471-2613
1471-263
1472-1687
1472-2868
1473-2063
1474-1731
1475-2615
1475-2582
1476-1688
1477-914
1477-2847
1478-1993
1478-787
1479-1410
1480-2809
1480-1610
1480-699
1481-41
1481-1560
1481-783
1482-2172
1482-2278
1483-11
1484-1932
1485-195
1485-2254
1485-2337
1486-2513
1486-2793
1486-2021
1486-1652
1486-1805
1487-2886
1487-1851
1487-707
1488-1278
1489-1085
1490-323
1490-1264
1491-896
1491-1183
1491-2735
1492-1080
1493-1479
1493-2045
1494-1680
1495-1369
1496-1838
1497-71
1497-1903
1498-2532
1499-887
1499-2871
1500-249
1500-240
1501-2920
1502-1225
1502-1281
1503-1670
1503-2040
1504-1932
1504-154
1504-2733
1504-1952
1505-134
1505-1654
1505-397
1506-2947
1507-1284
1508-1289
1508-690
1508-1670
1509-1179
1509-1665
1509-297
1510-2073
1511-2340
1511-675
1512-1794
1512-1643
1513-2684
1513-700
1514-1415
1514-1307
1515-1240
1515-657
1516-1125
1516-2549
1517-714
1517-2661
1517-2762
1518-856
1518-882
1519-514
1520-135
1521-2981
1521-2773
1521-1127
1522-2610
1522-2135
1523-2107
1523-1059
1524-679
1524-232
1525-1095
1525-1007
1526-2685
1526-2340
1527-1869
1528-1312
1528-1281
1529-93
1530-2542
1531-680
1531-133
1531-2178
1532-453
1533-1899
1534-1482
1535-2953
1535-2036
1535-99
1535-2718
1536-2600
1536-716
1537-682
1538-2409
1539-562
1539-1104
1539-1998
1539-669
1540-1251
1541-393
1542-1639
1543-160
1543-1969
1543-1044
1544-1269
1544-101
1544-2256
1544-1904
1544-301
1545-1544
1545-2676
1545-2902
1546-737
1547-124
1548-879
1549-2374
1550-1989
1550-1517
1551-2597
1552-1944
1553-2201
1553-439
1554-830
1555-2902
1555-56
1556-2240
1556-2710
1556-2601
1557-815
1558-2157
1558-99
1558-1389
1558-2297
1558-1517
1559-2283
1559-176
1559-2747
1559-2310
1560-1921
1560-1210
1561-1712
1562-1702
1563-1589
1563-1429
1564-1655
1564-2363
1565-1385
1565-866
1566-2637
1566-2153
1566-1524
1566-1838
1566-13
1566-1592
1567-603
1568-2852
1568-1507
1568-1499
1568-2793
1569-2814
1569-2158
1570-2302
1570-54
1571-2604
1572-2783
1573-2661
1574-1686
1575-2226
1576-1154
1577-1516
1577-1821
1577-553
1577-2918
1577-155
1577-2155
1577-2863
1578-2871
1579-688
1580-2172
1580-2418
1580-1819
1580-1509
1580-2319
1581-2885
1581-2136
1582-2138
1583-1971
1583-1535
1583-2457
1584-304
1585-739
1585-526
1585-938
1586-2280
1587-606
1588-2822
1589-1321
1589-2397
1589-2261
1590-1058
1590-2601
1590-197
1590-2006
1591-2345
1591-2479
1591-2634
1591-519
1592-1281
1593-1226
1593-2098
1593-1942
1594-2166
1594-1136
1595-652
1596-915
1597-1981
1598-2769
1598-317
1598-907
1599-1822
1600-138
1600-1025
1601-2677
1602-2501
1602-1977
1602-875
1602-1764
1602-1580
1603-628
1604-2812
1605-684
1606-1951
1606-2089
1607-1498
1608-899
1608-2897
1608-1404
1609-2417
1609-73
1610-2040
1610-54
1611-1139
1611-376
1611-769
1611-1671
1612-905
1613-760
1613-572
1614-1639
1615-1601
1616-93
1617-2983
1618-2037
1618-2834
1619-1800
1620-2992
1621-1363
1622-2505
1622-2238
1622-2117
1622-564
1622-104
1623-253
1624-2667
1625-596
1625-2428
1625-125
1625-2110
1625-2022
1626-533
1626-528
1627-2518
1628-900
1628-297
1629-711
1630-2019
1630-1403
1631-152
1632-1852
1632-2026
1632-2282
1632-744
1633-1969
1634-2219
1635-560
1636-407
1637-875
1638-1197
1639-1783
1640-2709
1641-2795
1642-724
1642-1774
1643-193
1643-1350
1644-2861
1644-1995
1644-1296
1645-1319
1646-672
1647-2180
1647-164
1648-1666
1648-1265
1649-1507
1649-2676
1650-2817
1651-2201
1652-2431
1652-2172
1653-110
1654-1928
1655-2229
1655-1101
1656-760
1656-2721
1657-1231
1657-1927
1657-589
1658-2779
1658-2250
1658-2297
1659-2992
1659-398
1659-1608
1660-1902
1661-172
1661-1915
1661-1510
1661-209
1662-204
1663-1623
1664-1243
1664-263
1665-455
1665-2433
1666-2957
1667-1704
1668-1499
1669-1132
1669-136
1669-593
1669-2128
1670-2228
1670-274
1671-1219
1671-1421
1671-2794
1672-121
1672-2926
1672-1370
1672-657
1673-1503
1673-2448
1674-496
1674-296
1674-2879
1675-2120
1675-834
1675-1757
1676-2138
1677-2190
1677-2823
1677-2191
1678-2138
1678-1383
1679-1232
1680-1002
1681-641
1681-2835
1682-2279
1683-2292
1683-2987
1683-2621
1684-2135
1685-2056
1685-472
1685-2528
1685-2199
1686-360
1686-1651
1687-248
1687-1647
1688-678
1689-451
1689-111
1689-1991
1689-383
1689-2030
1690-1395
1690-1424
1691-2105
1692-1285
1692-2657
1693-2412
1694-738
1695-1959
1696-921
1697-2237
1698-1041
1698-1476
1698-1490
1699-637
1699-1969
1699-43
1699-1785
1700-562
1700-1126
1700-101
1700-357
1700-413
1700-198
1700-1396
1700-234
1700-2412
1700-2282
1701-151
1701-606
1701-2794
1702-1835
1703-1967
1704-531
1705-117
1706-342
1706-2320
1706-656
1706-1923
1707-1736
1708-844
1708-836
1709-2322
1709-1843
1709-585
1709-1771
1710-2518
1711-901
1712-516
1713-1723
1713-1442
1714-1438
1715-1362
1716-285
1716-1702
1717-829
1717-1524
1718-2435
1719-2270
1719-88
1719-2319
1720-1551
1721-1621
1722-90
1723-1488
1723-800
1724-1063
1725-1162
1725-2471
1725-895
1725-1627
1726-2777
1726-2945
1727-1707
1727-2195
1728-2043
1728-2308
1728-1670
1729-1646
1730-2805
1730-366
1731-2534
1732-312
1732-1741
1732-2612
1733-2832
1734-1290
1735-814
1736-490
1737-899
1737-1002
1737-1255
1738-273
1738-1392
1739-1830
1739-2629
1740-2949
1740-2473
1740-523
1741-1231
1741-1605
1742-354
1742-2384
1743-1651
1743-1545
1744-1618
1744-1613
1744-2242
1744-1606
1745-1521
1746-518
1746-2727
1747-1741
1747-313
1747-1969
1748-1850
1748-1974
1748-2946
1749-2774
1750-456
1751-1640
1752-98
1753-2929
1753-1271
1753-972
1754-2228
1754-2800
1755-971
1755-1965
1756-2803
1756-1027
1757-1558
1757-839
1757-185
1757-1179
1757-163
1758-994
1758-2896
1759-1418
1760-1458
1760-2455
1761-487
1761-572
1761-232
1762-595
1762-971
1763-1632
1763-624
1764-1340
1765-556
1765-821
1766-1806
1766-2506
1766-2511
1767-1681
1767-1452
1768-814
1768-2899
1769-1170
1769-2369
1770-2138
1770-98
1771-82
1771-1360
1771-567
1771-454
1772-2448
1773-1136
1773-2661
1774-2898
1775-1619
1775-739
1776-887
1777-1452
1778-630
1778-1404
1778-2371
1778-1122
1779-772
1780-1319
1781-1370
1781-1218
1782-2981
1782-319
1782-1792
1782-2902
1782-1052
1783-714
1783-280
1784-2360
1785-412
1785-1038
1785-2001
1786-2732
1787-1208
1788-1678
1788-2926
1788-880
1788-1436
1789-1803
1789-795
1790-2146
1791-727
1792-324
1793-2089
1793-1788
1793-2536
1793-2751
1794-2207
1794-2300
1795-155
1795-1598
1795-2127
1796-1492
1797-2811
1798-1400
1799-2194
1799-2279
1799-2676
1800-478
1801-1839
1802-1317
1802-2177
1803-280
1804-1652
1805-1315
1805-2442
1805-1061
1805-1291
1805-849
1806-17
1807-2802
1807-1070
1808-158
1808-2596
1808-1558
1808-620
1809-778
1809-174
1810-2002
1810-1130
1810-2886
1811-677
1811-2017
1812-2414
1812-587
1812-2094
1812-146
1812-2941
1813-2856
1813-591
1814-419
1815-554
1816-169
1817-1894
1817-2025
1818-1673
1819-2823
1819-2393
1819-2359
1819-1718
1820-2452
1820-919
1821-1900
1822-650
1822-773
1823-2002
1824-1959
1825-808
1826-520
1827-1678
1827-201
1828-1935
1829-1272
1830-317
1830-1625
1831-483
1831-1089
1831-1983
1832-1123
1833-1907
1834-813
1835-1598
1835-1827
1836-1613
1837-2984
1837-1760
1838-644
1838-843
1839-2510
1839-2912
1840-1145
1841-1160
1842-2675
1843-2123
1844-2642
1844-1928
1845-2549
1845-2774
1846-457
1846-2459
1846-2930
1847-47
1848-2057
1848-1298
1849-1872
1850-580
1851-1136
1852-2010
1852-447
1852-1358
1852-467
1852-2756
1852-158
1852-768
1853-2368
1853-2750
1854-2114
1855-2915
1856-490
1857-1035
1858-1700
1858-1832
1859-165
1859-1128
1860-225
1861-864
1862-2924
1862-1436
1862-2324
1863-953
1863-2894
1864-1813
1864-2900
1865-1118
1866-98
1867-1710
1867-1700
1868-2314
1869-1080
1869-1462
1870-2801
1870-1838
1870-2213
1871-588
1872-1239
1872-1478
1873-579
1874-1678
1875-1370
1876-2433
1877-2145
1877-1035
1878-2717
1878-21
1879-2910
1880-1585
1881-232
1882-1013
1883-793
1884-825
1885-903
1886-613
1886-230
1886-684
1887-895
1887-2149
1888-2174
1888-916
1888-1520
1889-171
1889-1634
1890-971
1891-2633
1891-2985
1891-2262
1892-2479
1892-1501
1893-423
1894-1479
1895-116
1896-2778
1896-2977
1896-1346
1896-578
1897-2982
1898-1726
1898-949
1898-271
1899-1185
1900-585
1901-1910
1901-469
1902-688
1903-1336
1904-871
1904-193
1904-892
1905-568
1905-1683
1905-2144
1905-2502
1906-2135
1906-2066
1907-2525
1908-1897
1908-2462
1909-2575
1909-2557
1909-1957
1910-2969
1911-806
1912-844
1912-1342
1912-1307
1913-2675
1913-1650
1914-1613
1914-834
1914-256
1915-1474
1915-292
1916-1956
1917-2080
1918-480
1918-1161
1919-786
1919-2
1920-309
1921-379
1921-2302
1921-507
1921-1284
1922-2188
1923-2636
1923-1871
1923-74
1923-1007
1923-745
1923-1866
1923-336
1923-1188
1923-80
1924-1358
1925-1423
1926-1893
1927-339
1928-23
1929-488
1930-1050
1931-1083
1931-2656
1931-2988
1931-1784
1932-1681
1933-2658
1933-2878
1934-1857
1935-90
1935-2340
1936-528
1937-1917
1937-2162
1937-357
1937-172
1937-909
1937-2561
1937-294
1938-1193
1939-2274
1940-186
1941-2180
1942-1076
1943-2744
1943-423
1944-2143
1945-2203
1946-2292
1947-1456
1947-2070
1947-279
1948-2436
1949-2732
1949-1922
1950-2721
1950-2359
1951-884
1952-2219
1952-1461
1952-838
1953-859
1953-1188
1954-13
1954-2689
1955-1630
1955-1248
1956-2728
1957-2492
1957-1068
1958-2152
1958-246
1958-445
1958-806
1958-2899
1959-1547
1960-1543
1960-275
1960-1124
1961-213
1962-1824
1962-1256
1962-2968
1963-1564
1963-2682
1964-569
1965-1946
1965-1476
1966-1346
1967-660
1967-1698
1967-2350
1967-669
1967-765
1968-599
1968-1739
1968-681
1969-556
1970-2786
1971-2537
1972-2821
1973-2133
1973-1191
1974-355
1974-227
1974-2800
1975-1752
1975-2565
1976-2395
1977-794
1978-2008
1978-499
1979-823
1979-1709
1979-1949
1980-546
1981-1107
1982-1511
1982-2634
1983-2047
1984-2592
1984-2619
1985-2044
1986-351
1986-2235
1987-13
1987-1571
1988-923
1989-1638
1989-430
1989-1354
1989-2142
1990-1003
1991-451
1992-1529
1992-1666
1993-183
1993-2087
1993-1336
1993-1657
1993-1414
1993-1209
1994-1389
1995-738
1996-1187
1997-1048
1997-1068
1998-2998
1999-913
1999-2181
1999-1570
1999-1532
1999-531
2000-2195
2000-2541
2000-1464
2000-2989
2000-1200
2001-1846
2001-1845
2002-1591
2002-2086
2002-1141
2003-915
2003-2073
2004-2778
2005-2790
2006-2571
2006-247
2007-806
2008-2005
2008-2929
2008-118
2009-2029
2010-1966
2010-263
2011-554
2011-1374
2012-2963
2013-68
2014-1269
2014-1480
2014-600
2014-2513
2015-716
2016-1135
2017-2054
2017-1601
2017-1903
2018-2110
2018-1710
2018-2848
2018-1566
2018-2758
2018-2597
2018-2624
2018-2307
2019-2373
2019-18
2020-2436
2020-2674
2020-1757
2020-2441
2021-1574
2022-383
2023-1298
2024-155
2024-1188
2024-59
2024-2779
2024-736
2024-339
2025-2676
2026-313
2026-2505
2026-2692
2027-1098
2027-2354
2027-2176
2027-2450
2028-174
2029-1730
2029-2897
2030-2539
2031-1666
2032-2347
2032-766
2033-565
2034-1914
2035-2711
2036-1663
2037-1478
2038-436
2039-2260
2039-711
2040-694
2040-1442
2040-2262
2041-2842
2042-2431
2042-1525
2043-810
2044-1261
2045-1997
2046-770
2047-1447
2047-2154
2047-2006
2048-1654
2048-1532
2049-814
2049-125
2049-2239
2050-1284
2051-2931
2051-332
2052-742
2053-2889
2053-2970
2053-686
2053-396
2053-1338
2054-1080
2054-910
2054-768
2055-1083
2056-518
2056-1449
2057-1089
2057-2891
2058-101
2058-2644
2059-241
2060-1477
2061-2581
2061-1843
2062-2501
2063-1851
2064-2289
2064-2250
2064-1288
2064-2344
2064-1270
2065-670
2065-279
2065-2512
2066-138
2067-2191
2067-2366
2067-759
2067-2207
2067-2731
2067-1851
2068-2939
2069-1914
2070-1092
2070-559
2070-1856
2070-1707
2070-1545
2070-667
2070-1750
2071-1075
2072-530
2073-2109
2074-1901
2075-792
2076-2343
2077-2462
2077-806
2078-232
2078-2575
2078-234
2078-2967
2079-1275
2079-1520
2080-177
2080-630
2081-809
2082-2388
2083-304
2084-2948
2084-1066
2084-1103
2084-530
2085-1353
2085-976
2085-1309
2086-2245
2086-1492
2086-2162
2087-796
2087-1409
2087-1396
2087-1693
2088-2629
2089-1032
2090-777
2090-2799
2090-517
2091-1114
2092-1907
2093-1605
2094-2689
2095-1018
2096-848
2096-1456
2096-417
2097-2653
2097-353
2097-2580
2097-2380
2098-969
2098-2256
2099-2673
2099-1380
2099-374
2100-1649
2101-2239
2101-2161
2101-868
2102-555
2103-7
2103-1330
2104-2069
2104-2578
2104-1687
2105-2940
2105-2916
2105-1641
2105-241
2106-2951
2107-2112
2107-226
2108-178
2109-880
2109-775
2109-1249
2110-690
2111-2021
2112-808
2113-2685
2113-863
2113-1805
2113-170
2114-1328
2115-206
2115-1648
2116-1505
2116-2409
2117-2037
2118-1573
2118-1834
2119-2419
2119-339
2119-1855
2119-2554
2120-1368
2120-1833
2121-2032
2121-2959
2121-2344
2121-2061
2121-1884
2122-2698
2123-2809
2123-925
2124-2683
2125-1782
2125-2165
2126-73
2127-316
2128-2707
2129-2082
2129-2209
2130-1024
2131-712
2131-491
2131-2101
2131-929
2131-263
2132-1978
2133-2771
2134-1106
2135-2184
2135-2541
2135-1751
2135-63
2135-1505
2135-2692
2136-905
2136-583
2137-536
2138-345
2139-779
2139-2626
2139-112
2139-1870
2140-922
2140-11
2141-2962
2142-1660
2143-2317
2143-483
2143-2886
2143-2124
2144-135
2145-783
2146-1257
2147-519
2147-2740
2148-545
2148-1079
2149-1546
2149-995
2149-2307
2149-1699
2150-1885
2150-1014
2151-2198
2151-2802
2151-1007
2151-308
2152-1318
2153-868
2153-1869
2154-395
2155-2719
2155-1758
2155-1882
2156-2749
2157-2700
2157-2697
2157-2128
2157-2290
2157-1032
2157-280
2157-539
2157-703
2158-292
2158-272
2159-11
2160-1592
2161-766
2161-1877
2162-1435
2163-2766
2163-2306
2163-2622
2164-2054
2164-1398
2164-2883
2165-1154
2165-2676
2166-157
2167-1980
2168-866
2169-2789
2170-2886
2171-1507
2172-762
2173-2264
2173-285
2174-2143
2175-1484
2175-2524
2175-2953
2176-1475
2176-2981
2176-1958
2176-1648
2177-1335
2177-2042
2178-2117
2178-1080
2179-1609
2180-2378
2181-2262
2182-2516
2183-2417
2183-687
2184-1295
2184-973
2184-1480
2184-1912
2184-1707
2184-1686
2184-106
2184-2909
2185-629
2186-1890
2186-947
2186-1616
2186-608
2187-2064
2188-1498
2188-2926
2189-1829
2189-668
2189-770
2189-1273
2190-211
2191-872
2192-920
2193-2538
2193-770
2193-2263
2194-875
2195-2093
2196-1112
2196-2893
2197-2263
2198-767
2199-317
2200-389
2201-1706
2202-1024
2202-842
2203-422
2203-392
2204-1996
2205-2560
2205-1081
2206-2708
2206-1264
2206-2072
2207-1025
2208-2835
2209-129
2210-153
2211-2857
2211-2850
2212-2267
2212-1529
2212-727
2213-2002
2213-1378
2213-2993
2213-774
2213-1193
2213-1656
2213-2522
2213-2561
2213-2737
2214-956
2215-2191
2215-2206
2215-2271
2215-2034
2215-1992
2216-1693
2216-1569
2217-1727
2217-812
2218-1581
2219-574
2219-307
2219-2118
2220-1796
2220-901
2220-826
2221-129
2221-373
2221-1796
2222-2674
2223-2913
2223-861
2224-184
2225-2481
2226-2544
2226-356
2226-2070
2226-775
2227-2120
2228-2665
2229-1418
2230-608
2230-1485
2230-2922
2230-668
2231-239
2231-1141
2232-646
2232-1164
2233-2378
2234-902
2234-2536
2235-861
2235-1193
2236-211
2236-45
2236-1321
2237-2317
2237-2884
2238-392
2239-901
2240-2730
2240-1693
2240-2490
2241-2044
2242-739
2242-2326
2242-773
2242-1155
2243-1271
2243-236
2244-948
2245-1773
2245-610
2245-1606
2245-2504
2246-1284
2247-2424
2248-445
2248-2701
2248-1068
2249-670
2250-1427
2251-446
2251-1306
2252-2773
2252-805
2252-1447
2252-1831
2253-1530
2254-278
2254-1078
2254-2982
2254-913
2255-2788
2255-389
2255-1275
2256-2862
2256-1813
2257-1080
2257-1675
2258-2597
2259-906
2260-2428
2260-1778
2260-580
2260-2230
2260-2058
2260-254
2261-758
2261-2497
2262-1971
2263-395
2264-860
2265-1520
2265-37
2265-2656
2266-725
2266-710
2266-798
2266-2615
2267-380
2267-2356
2268-2259
2268-1408
2269-271
2269-2408
2270-995
2271-588
2272-876
2273-1898
2274-2359
2274-1883
2275-1903
2276-2704
2276-1531
2277-2116
2277-1924
2278-1231
2279-2214
2280-1628
2280-241
2281-296
2281-2388
2282-1412
2282-2384
2282-1443
2282-1889
2283-429
2283-2006
2283-1532
2283-2182
2284-2738
2284-364
2284-1701
2285-2976
2285-1528
2286-2206
2287-199
2288-2886
2288-2511
2288-2196
2289-1135
2290-2639
2290-637
2290-576
2290-1882
2291-1993
2292-2033
2293-794
2294-2240
2294-2368
2294-1106
2294-568
2294-2258
2295-434
2296-1327
2296-659
2296-2058
2296-1395
2296-353
2296-1491
2297-2988
2297-256
2298-1811
2298-2268
2298-1362
2299-1059
2299-717
2300-2302
2301-94
2301-1490
2301-1590
2301-5
2302-2893
2303-2428
2303-2883
2304-552
2304-2471
2304-2557
2304-538
2305-626
2306-702
2307-1236
2308-1074
2309-2723
2310-1049
2311-2308
2311-313
2312-953
2312-592
2313-1342
2314-489
2314-1144
2315-1162
2315-2240
2316-1570
2317-674
2317-1357
2317-2145
2317-1969
2317-1031
2317-710
2318-292
2319-640
2320-827
2320-1865
2321-1476
2321-2761
2322-118
2322-1482
2323-28
2324-2968
2325-368
2326-2093
2326-2482
2326-26
2327-2308
2328-1727
2328-1219
2329-1689
2330-1323
2330-584
2331-1429
2331-2497
2332-2438
2332-1403
2333-555
2333-1263
2333-1055
2334-1239
2335-1843
2335-1969
2335-1773
2335-2979
2335-1046
2335-765
2335-927
2336-670
2337-1504
2337-1533
2337-2158
2338-539
2339-911
2340-549
2341-2638
2341-924
2341-2395
2342-1827
2343-2974
2344-2423
2345-808
2345-889
2346-678
2346-1996
2347-2621
2348-575
2349-2638
2349-2663
2349-806
2349-105
2350-1487
2351-2041
2351-2499
2352-188
2352-2559
2352-305
2352-2079
2352-2086
2353-134
2354-1263
2354-835
2354-1590
2355-147
2356-695
2356-2134
2356-2257
2356-1536
2357-65
2358-1128
2359-1045
2359-401
2359-2581
2359-1839
2360-2627
2360-1988
2360-230
2360-409
2360-863
2360-1995
2361-428
2362-2420
2363-2692
2363-1197
2364-906
2364-938
2365-497
2366-1990
2367-398
2367-2040
2367-1727
2368-2805
2368-2748
2369-1197
2370-2422
2370-2996
2371-1166
2371-1536
2371-2099
2372-1516
2373-2996
2373-224
2374-2546
2374-1422
2375-2685
2376-2877
2377-905
2378-237
2378-1239
2379-326
2379-1843
2379-738
2379-1751
2379-1771
2379-2452
2379-2950
2379-1907
2379-2421
2379-539
2380-2534
2380-1308
2381-2500
2382-81
2382-371
2382-225
2382-2938
2383-580
2383-1503
2383-1937
2383-1205
2383-1781
2383-2574
2384-329
2385-2413
2385-614
2386-585
2387-171
2387-155
2388-2588
2388-741
2389-2238
2389-413
2390-1829
2391-1895
2392-1128
2393-2140
2394-2157
2395-764
2396-1829
2397-955
2397-559
2398-1676
2399-1199
2400-647
2400-2309
2401-1042
2402-1365
2402-1960
2403-1895
2403-439
2404-1899
2404-96
2405-2729
2406-2480
2406-1055
2407-2682
2408-2963
2408-2148
2408-566
2409-1745
2409-2014
2410-759
2410-58
2411-1215
2411-1609
2412-2698
2413-992
2414-1675
2415-1112
2415-994
2416-2622
2416-2190
2416-1275
2417-1661
2418-363
2419-1262
2420-1919
2420-2057
2421-1961
2421-765
2421-2172
2422-2460
2422-2954
2423-2436
2424-2485
2424-2522
2424-943
2424-1671
2425-786
2426-486
2426-1263
2426-1264
2427-305
2427-109
2428-1623
2428-1762
2429-1683
2430-2422
2430-99
2431-2599
2432-622
2432-471
2432-2804
2432-1262
2432-2260
2433-2839
2433-1482
2434-2583
2435-941
2436-1269
2436-799
2437-674
2437-1393
2437-2877
2437-714
2438-2596
2438-2742
2439-1363
2440-2011
2441-935
2442-2446
2442-154
2442-2197
2443-326
2444-1289
2444-468
2444-2390
2444-286
2445-1871
2445-1905
2445-239
2446-602
2447-1080
2448-916
2449-2620
2450-2210
2451-50
2451-1534
2451-1980
2452-1747
2452-599
2453-615
2453-2573
2454-1349
2455-2267
2455-1423
2455-1193
2456-2585
2456-1394
2456-2553
2457-634
2458-2205
2458-1175
2458-442
2458-1989
2458-998
2459-415
2460-225
2460-2836
2461-2237
2462-1226
2462-1931
2462-2485
2463-2385
2464-1929
2464-2551
2465-906
2465-83
2465-2747
2465-1360
2465-1152
2466-1845
2467-1882
2467-761
2468-1218
2468-2719
2468-2918
2468-2662
2469-771
2470-1794
2471-2860
2472-1117
2473-2044
2474-191
2475-462
2476-1062
2477-2304
2478-2670
2478-430
2478-1858
2478-778
2478-948
2478-491
2479-2338
2480-1558
2481-279
2482-1976
2483-321
2483-1628
2483-2753
2484-1320
2484-1109
2484-2348
2485-208
2486-1456
2487-1304
2488-2031
2488-1664
2488-578
2489-462
2490-1134
2491-760
2491-342
2492-2036
2493-2949
2494-1226
2495-2337
2495-714
2496-725
2497-1392
2497-740
2498-571
2499-811
2499-2151
2499-420
2500-1602
2501-2736
2502-1709
2502-2363
2503-1410
2504-1303
2504-2851
2505-2815
2506-2564
2507-893
2507-2861
2508-2855
2509-2280
2510-2891
2511-411
2512-1759
2512-1687
2513-2205
2514-1505
2515-568
2516-2588
2516-304
2516-578
2517-2782
2517-1802
2518-621
2519-2358
2519-1695
2520-1682
2520-33
2521-326
2521-1622
2522-1769
2522-1169
2523-2001
2523-2484
2524-91
2524-652
2525-1098
2525-2632
2525-178
2525-376
2526-1471
2526-2739
2526-2460
2527-99
2528-2403
2528-971
2529-1832
2529-1722
2529-467
2530-1799
2531-1108
2532-695
2533-2541
2533-1181
2534-1381
2535-534
2535-2285
2535-2835
2536-865
2536-1162
2537-1904
2537-238
2538-897
2538-277
2538-318
2538-53
2538-2241
2538-1764
2539-2827
2539-943
2540-235
2540-543
2540-1786
2540-2713
2540-1215
2540-2446
2540-1921
2541-1972
2541-1821
2542-1920
2543-1483
2543-2775
2544-1919
2545-2940
2545-1942
2545-2416
2545-2952
2546-1329
2547-130
2547-2291
2548-2249
2549-137
2549-2865
2549-2931
2550-1014
2551-2756
2551-583
2551-423
2552-452
2553-330
2554-67
2555-2729
2556-2641
2557-1491
2558-2590
2559-1074
2560-1724
2560-1588
2561-1455
2561-833
2561-1316
2561-1722
2562-547
2563-176
2563-1771
2564-670
2565-61
2565-1487
2565-2831
2566-1621
2567-390
2567-1637
2567-2897
2568-65
2569-1393
2570-2937
2571-463
2571-546
2571-898
2571-909
2571-174
2571-196
2571-1497
2571-1525
2572-698
2573-1398
2573-1953
2574-688
2575-2053
2575-680
2575-704
2576-1037
2576-2482
2576-1938
2577-393
2577-1129
2577-2430
2578-1177
2579-821
2580-865
2580-686
2581-2431
2582-1216
2583-1896
2584-427
2585-1713
2586-361
2587-2901
2587-2083
2587-1101
2587-2518
2587-1250
2587-1499
2587-2908
2588-2542
2589-2272
2590-2493
2590-1003
2591-1208
2591-1435
2591-792
2591-2151
2591-409
2592-1471
2593-1722
2594-1484
2595-162
2595-2704
2596-684
2596-153
2596-153
2597-1508
2597-167
2598-1882
2599-892
2600-666
2600-321
2600-1304
2600-2366
2601-1160
2602-2133
2602-506
2603-2538
2603-501
2604-1631
2604-206
2604-1186
2605-36
2606-2416
2607-1596
2608-942
2608-1531
2609-1309
2610-2218
2610-1414
2610-348
2610-2710
2611-661
2612-795
2613-1501
2614-773
2614-76
2614-1496
2615-2468
2616-1497
2616-27
2616-1934
2616-184
2617-1266
2618-2291
2619-1156
2619-1480
2619-1807
2620-2633
2620-1350
2621-2585
2622-2672
2623-810
2624-1105
2625-360
2626-1134
2626-2430
2627-1450
2628-1559
2629-1833
2630-511
2631-1875
2631-1191
2632-2642
2633-1921
2633-1823
2634-467
2635-1703
2636-1607
2637-2142
2637-163
2637-1591
2637-148
2637-1335
2637-660
2638-746
2638-2469
2638-787
2638-70
2639-1184
2639-32
2640-648
2641-175
2642-602
2642-753
2643-2785
2643-2478
2643-227
2643-553
2643-1020
2644-1312
2644-2027
2645-141
2645-389
2645-1446
2646-2716
2647-133
2647-1959
2648-746
2648-1484
2649-1650
2650-1390
2650-968
2650-429
2650-2725
2651-603
2652-2860
2652-2115
2652-683
2653-747
2654-163
2655-1485
2656-1058
2656-1163
2656-194
2657-782
2657-594
2658-1314
2658-558
2658-1500
2659-1261
2659-2614
2660-868
2661-2117
2662-897
2662-1646
2662-2748
2662-1775
2663-1024
2663-2725
2663-308
2664-530
2665-2919
2666-703
2667-1237
2668-2330
2668-1934
2668-363
2668-2748
2669-127
2669-1545
2670-508
2671-131
2671-503
2671-2852
2671-2310
2672-2296
2673-257
2673-2821
2673-619
2674-1238
2674-2742
2675-280
2675-2295
2676-1439
2676-75
2676-357
2676-2455
2676-1043
2676-2235
2677-1545
2677-671
2677-1812
2678-1835
2678-2630
2678-654
2678-2907
2678-695
2679-2974
2680-670
2680-207
2681-1217
2682-1394
2683-625
2683-95
2683-2713
2683-503
2683-220
2684-1471
2685-2401
2685-1168
2685-326
2686-262
2686-712
2687-2819
2688-2347
2688-184
2688-1846
2689-2374
2689-1796
2690-737
2690-2735
2691-1720
2691-901
2692-1173
2693-2783
2693-2882
2693-1528
2694-2134
2695-1619
2695-1240
2695-1087
2696-287
2696-2839
2696-989
2697-2164
2698-29
2698-1811
2698-2259
2699-327
2699-55
2699-1798
2699-390
2699-2638
2699-2637
2699-599
2699-2353
2700-2512
2701-738
2702-1638
2703-1203
2703-1500
2703-311
2703-1590
2703-1388
2704-2091
2705-689
2705-2700
2705-972
2705-2922
2706-2685
2707-433
2708-372
2708-903
2709-2805
2710-1921
2710-2837
2710-1803
2710-2297
2711-836
2712-37
2713-435
2714-580
2715-2178
2716-2053
2717-1855
2718-801
2719-2157
2719-1641
2719-1071
2720-641
2720-261
2721-820
2721-246
2721-2647
2721-2327
2722-2511
2722-1207
2723-70
2724-2102
2724-791
2725-2252
2725-124
2725-386
2726-1643
2727-2206
2728-2906
2729-535
2730-2462
2730-695
2730-1321
2730-1741
2731-1246
2732-655
2733-1778
2733-665
2734-2647
2735-1127
2735-2634
2736-802
2737-2901
2738-935
2739-1164
2740-1232
2740-204
2741-1738
2742-1710
2743-450
2743-1302
2743-2555
2744-98
2744-2372
2744-2240
2744-1762
2744-1841
2744-737
2744-468
2744-1519
2744-2628
2745-274
2745-2400
2745-2775
2745-1803
2745-2003
2745-1748
2746-1179
2747-568
2748-1198
2748-2410
2749-1271
2749-2419
2750-2497
2751-1815
2751-2029
2752-2851
2753-2123
2753-356
2754-760
2755-1409
2756-772
2757-1037
2758-2041
2758-1841
2758-2383
2758-2492
2758-2972
2759-1413
2760-2835
2760-1205
2761-1850
2761-1097
2761-2709
2761-2791
2762-1245
2763-741
2764-2948
2764-513
2765-1776
2765-851
2766-1827
2767-456
2768-1379
2769-1921
2769-37
2769-1077
2770-2157
2771-363
2772-799
2772-2188
2773-1041
2774-2851
2775-45
2776-1400
2777-1211
2778-2143
2778-1586
2778-1778
2778-220
2779-362
2779-1448
2780-1130
2781-946
2781-2550
2782-1427
2783-619
2784-687
2785-1948
2785-98
2786-602
2786-1106
2787-480
2788-365
2789-1065
2790-256
2790-1418
2790-2799
2791-952
2792-2837
2792-2992
2792-2591
2792-461
2793-2958
2793-1546
2794-843
2795-822
2796-1014
2797-166
2798-805
2798-2900
2799-379
2799-2174
2800-2468
2800-2888
2800-2609
2800-756
2800-461
2801-1910
2802-1800
2803-2722
2803-1855
2804-1071
2804-1729
2804-2645
2805-1450
2805-1999
2805-2108
2806-1571
2806-2930
2807-1541
2808-1923
2808-795
2809-1885
2810-274
2810-226
2810-2055
2810-1542
2810-988
2810-1869
2810-484
2811-1448
2812-2352
2812-67
2813-2360
2813-1494
2814-2046
2815-121
2815-807
2815-1707
2816-1711
2817-1000
2818-2236
2818-2727
2818-142
2819-2197
2819-1400
2820-1307
2820-1621
2821-813
2821-2760
2821-423
2822-2446
2823-664
2824-1172
2825-1824
2825-2354
2825-2643
2825-285
2826-2251
2826-1928
2827-1815
2828-1408
2828-421
2828-1073
2828-1876
2828-488
2829-2933
2829-2629
2829-1191
2829-1949
2830-308
2831-1663
2831-1656
2831-2398
2831-2967
2831-1120
2831-887
2831-631
2832-72
2832-1440
2832-339
2832-898
2832-1732
2833-614
2834-655
2835-2544
2836-1864
2837-4
2837-2224
2838-1269
2838-464
2838-1543
2839-1528
2839-2338
2840-2590
2840-520
2840-1131
2840-2367
2841-2279
2842-270
2843-1946
2844-2581
2844-574
2845-2599
2845-302
2845-459
2845-1214
2845-173
2845-990
2846-1419
2847-140
2848-2644
2848-2536
2848-199
2849-3
2849-295
2849-1251
2850-671
2851-1147
2851-2140
2851-860
2852-141
2853-1194
2854-1104
2855-413
2855-256
2856-238
2857-2128
2858-1758
2858-1750
2858-505
2859-1595
2859-608
2860-972
2861-1084
2862-2437
2863-138
2863-954
2864-184
2864-1843
2864-886
2865-2806
2865-1835
2866-258
2867-2200
2868-2744
2868-2605
2869-2798
2870-377
2871-855
2872-2026
2873-1675
2874-1548
2875-25
2876-2429
2876-268
2877-500
2877-2021
2878-1031
2878-486
2878-1413
2879-1798
2880-872
2881-1177
2882-827
2883-2524
2883-513
2883-2587
2884-2187
2884-323
2885-308
2886-948
2886-1959
2886-2054
2886-2765
2886-274
2886-1975
2887-2110
2888-2790
2888-1418
2888-1436
2889-2042
2890-810
2891-656
2892-2775
2893-97
2893-2250
2894-1203
2894-895
2895-2826
2895-229
2895-2994
2895-1686
2896-126
2897-817
2898-544
2898-1801
2899-2908
2899-2472
2899-1564
2899-1887
2899-841
2899-2004
2899-1134
2899-753
2900-1511
2900-2380
2901-1400
2901-2416
2902-591
2902-2594
2902-411
2903-419
2904-580
2904-721
2904-2475
2904-2123
2905-2650
2905-1637
2906-731
2907-425
2908-2290
2909-478
2910-206
2911-1475
2912-2806
2912-1198
2912-1443
2912-336
2912-889
2912-2736
2913-1939
2913-1906
2913-135
2914-1905
2915-461
2915-435
2915-1913
2916-256
2916-1702
2917-2643
2918-1020
2918-92
2918-1674
2918-729
2918-675
2919-1514
2919-186
2919-994
2919-1364
2919-2940
2919-482
2920-1715
2920-273
2920-781
2920-766
2920-2879
2921-2771
2922-2392
2922-1602
2923-957
2923-1502
2924-116
2925-1457
2925-2428
2926-1101
2926-2282
2926-557
2927-1825
2928-2855
2929-724
2929-744
2929-527
2929-1290
2930-2714
2931-778
2932-1212
2932-33
2932-2250
2933-1094
2934-801
2935-1328
2936-1674
2936-106
2936-606
2936-1446
2937-2584
2937-2402
2938-2722
2938-164
2938-2047
2939-332
2939-135
2940-1509
2940-1243
2940-2987
2941-899
2942-278
2942-603
2943-713
2943-2271
2944-67
2945-323
2945-2660
2946-1059
2946-1540
2947-206
2947-2356
2948-909
2948-876
2949-2914
2949-2344
2950-2777
2950-2906
2951-1631
2951-1645
2951-698
2952-2276
2952-1985
2952-1299
2953-2198
2954-2097
2955-158
2956-2696
2956-2498
2956-2490
2957-1087
2958-1577
2958-2969
2959-633
2960-2401
2961-355
2962-272
2963-314
2964-624
2964-683
2965-1595
2965-2147
2966-1739
2967-2236
2968-1129
2969-900
2969-2455
2970-2726
2971-1721
2971-2738
2971-1827
2972-2342
2973-1408
2973-1217
2974-2661
2975-2076
2976-520
2976-384
2977-2976
2978-2096
2978-1988
2979-751
2980-2575
2980-2132
2981-2880
2981-736
2981-136
2982-244
2983-663
2984-1487
2985-1117
2986-2918
2987-950
2987-2034
2987-454
2987-2326
2988-689
2989-1054
2990-1866
2991-449
2992-520
2992-1895
2993-118
2993-2333
2994-1594
2994-746
2995-154
2996-2795
2996-1514
2996-427
2996-10
2997-464
2997-504
2998-1239
2999-2197
start-1295
start-2825
end-642
end-39
end-331
